index	Chr	size	genome
1	1	2300000	A
2	1	1650000	A
3	1	650000	A
4	1	1300000	A
5	1	450000	A
6	1	1000000	A
7	1	1050000	A
8	1	1050000	A
9	1	550000	A
10	1	1000000	A
11	1	550000	A
12	1	350000	A
13	1	350000	A
14	1	700000	A
15	1	500000	A
16	1	850000	A
17	1	350000	A
18	1	600000	A
19	1	800000	A
20	1	1550000	A
21	1	1350000	A
22	1	350000	A
23	1	400000	A
24	1	950000	A
25	1	1200000	A
26	1	1150000	A
27	1	450000	A
28	1	500000	A
29	1	400000	A
30	1	1150000	A
31	1	600000	A
32	1	850000	A
33	1	550000	A
34	1	1950000	A
35	1	450000	A
36	1	800000	A
37	1	350000	A
38	1	450000	A
39	1	450000	A
40	1	1350000	A
41	1	400000	A
42	1	1850000	A
43	1	700000	A
44	1	600000	A
45	1	400000	A
46	1	600000	A
47	1	650000	A
48	1	550000	A
49	1	900000	A
50	1	550000	A
51	1	2200000	A
52	1	1950000	A
53	1	1900000	A
54	1	1950000	A
55	1	350000	A
56	1	400000	A
57	1	450000	A
58	1	700000	A
59	1	1650000	A
60	1	800000	A
61	1	2500000	A
62	1	900000	A
63	1	1250000	A
64	1	2000000	A
65	1	800000	A
66	1	1050000	A
67	1	1150000	A
68	1	550000	A
69	1	1600000	A
70	1	2350000	A
71	1	1000000	A
72	1	950000	A
73	1	1900000	A
74	1	450000	A
75	1	600000	A
76	1	350000	A
77	1	350000	A
78	1	650000	A
79	1	350000	A
80	1	350000	A
81	1	550000	A
82	1	650000	A
83	1	400000	A
84	1	1200000	A
85	1	650000	A
86	1	1950000	A
87	1	1250000	A
88	1	1050000	A
89	1	1600000	A
90	1	750000	A
91	1	800000	A
92	1	1200000	A
93	1	950000	A
94	1	650000	A
95	1	800000	A
96	1	550000	A
97	1	300000	A
98	1	350000	A
99	1	650000	A
100	1	650000	A
101	1	400000	A
102	1	2850000	A
103	1	600000	A
104	1	1100000	A
105	1	300000	A
106	1	550000	A
107	1	700000	A
108	1	500000	A
109	1	1650000	A
110	1	350000	A
111	1	700000	A
112	1	1100000	A
113	1	400000	A
114	1	650000	A
115	1	800000	A
116	1	350000	A
117	1	300000	A
118	1	650000	A
119	1	1300000	A
120	1	500000	A
121	1	550000	A
122	1	1750000	A
123	1	1150000	A
124	1	800000	A
125	1	500000	A
126	1	700000	A
127	1	300000	A
128	1	750000	A
129	1	1550000	A
130	1	300000	A
131	1	750000	A
132	2	1000000	A
133	2	850000	A
134	2	750000	A
135	2	350000	A
136	2	450000	A
137	2	1000000	A
138	2	400000	A
139	2	400000	A
140	2	750000	A
141	2	1050000	A
142	2	550000	A
143	2	1300000	A
144	2	1200000	A
145	2	650000	A
146	2	1100000	A
147	2	800000	A
148	2	650000	A
149	2	550000	A
150	2	550000	A
151	2	1050000	A
152	2	750000	A
153	2	2400000	A
154	2	950000	A
155	2	650000	A
156	2	650000	A
157	2	500000	A
158	2	600000	A
159	2	900000	A
160	2	600000	A
161	2	600000	A
162	2	500000	A
163	2	600000	A
164	2	400000	A
165	2	500000	A
166	2	450000	A
167	2	900000	A
168	2	350000	A
169	2	500000	A
170	2	500000	A
171	2	600000	A
172	2	800000	A
173	2	1950000	A
174	2	350000	A
175	2	450000	A
176	2	950000	A
177	2	650000	A
178	2	600000	A
179	2	550000	A
180	2	1350000	A
181	2	600000	A
182	2	700000	A
183	2	350000	A
184	2	450000	A
185	2	1150000	A
186	2	500000	A
187	2	1250000	A
188	2	2050000	A
189	2	850000	A
190	2	1400000	A
191	2	950000	A
192	2	350000	A
193	2	400000	A
194	2	900000	A
195	2	1250000	A
196	2	900000	A
197	2	350000	A
198	2	2350000	A
199	2	1000000	A
200	2	1150000	A
201	2	600000	A
202	2	950000	A
203	2	2450000	A
204	2	950000	A
205	2	500000	A
206	2	900000	A
207	2	750000	A
208	2	300000	A
209	2	1600000	A
210	2	450000	A
211	2	950000	A
212	2	2550000	A
213	2	600000	A
214	2	1050000	A
215	2	1500000	A
216	2	1700000	A
217	2	1850000	A
218	2	300000	A
219	2	1100000	A
220	2	600000	A
221	2	500000	A
222	2	300000	A
223	2	1000000	A
224	2	900000	A
225	2	1850000	A
226	2	750000	A
227	2	700000	A
228	2	800000	A
229	2	1900000	A
230	2	2100000	A
231	2	900000	A
232	2	800000	A
233	2	450000	A
234	2	1900000	A
235	2	500000	A
236	2	450000	A
237	2	1350000	A
238	2	800000	A
239	2	300000	A
240	2	850000	A
241	2	500000	A
242	2	950000	A
243	2	350000	A
244	2	550000	A
245	2	2550000	A
246	2	600000	A
247	2	750000	A
248	2	400000	A
249	2	1050000	A
250	2	300000	A
251	2	1100000	A
252	2	350000	A
253	2	450000	A
254	2	600000	A
255	2	1450000	A
256	3	2050000	A
257	3	1600000	A
258	3	450000	A
259	3	300000	A
260	3	500000	A
261	3	500000	A
262	3	550000	A
263	3	1000000	A
264	3	800000	A
265	3	600000	A
266	3	350000	A
267	3	700000	A
268	3	500000	A
269	3	2350000	A
270	3	850000	A
271	3	650000	A
272	3	1000000	A
273	3	300000	A
274	3	300000	A
275	3	350000	A
276	3	550000	A
277	3	850000	A
278	3	400000	A
279	3	450000	A
280	3	500000	A
281	3	950000	A
282	3	500000	A
283	3	800000	A
284	3	600000	A
285	3	600000	A
286	3	1200000	A
287	3	950000	A
288	3	450000	A
289	3	1200000	A
290	3	600000	A
291	3	300000	A
292	3	800000	A
293	3	500000	A
294	3	500000	A
295	3	1400000	A
296	3	750000	A
297	3	500000	A
298	3	850000	A
299	3	650000	A
300	3	1700000	A
301	3	1850000	A
302	3	600000	A
303	3	1500000	A
304	3	600000	A
305	3	1150000	A
306	3	1650000	A
307	3	650000	A
308	3	1550000	A
309	3	350000	A
310	3	1200000	A
311	3	1050000	A
312	3	3000000	A
313	3	350000	A
314	3	700000	A
315	3	350000	A
316	3	1800000	A
317	3	2350000	A
318	3	1050000	A
319	3	450000	A
320	3	450000	A
321	3	500000	A
322	3	700000	A
323	3	350000	A
324	3	1800000	A
325	3	750000	A
326	3	900000	A
327	3	1150000	A
328	3	400000	A
329	3	1200000	A
330	3	1050000	A
331	3	1000000	A
332	3	500000	A
333	3	1000000	A
334	3	1200000	A
335	3	1450000	A
336	3	1250000	A
337	3	1650000	A
338	3	900000	A
339	3	950000	A
340	3	500000	A
341	3	2550000	A
342	3	650000	A
343	3	300000	A
344	3	2450000	A
345	3	1150000	A
346	3	800000	A
347	3	2700000	A
348	3	1300000	A
349	3	350000	A
350	3	800000	A
351	3	1000000	A
352	3	700000	A
353	3	550000	A
354	3	1550000	A
355	3	1350000	A
356	3	1300000	A
357	3	2250000	A
358	3	1800000	A
359	3	350000	A
360	3	1050000	A
361	3	350000	A
362	3	600000	A
363	3	350000	A
364	3	550000	A
365	3	750000	A
366	3	450000	A
367	3	700000	A
368	3	950000	A
369	3	1500000	A
370	3	1000000	A
371	3	600000	A
372	3	1650000	A
373	3	2100000	A
374	3	650000	A
375	3	600000	A
376	3	1250000	A
377	3	850000	A
378	3	500000	A
379	3	1000000	A
380	3	600000	A
381	3	750000	A
382	3	400000	A
383	3	550000	A
384	3	550000	A
385	3	650000	A
386	3	1050000	A
387	3	350000	A
388	3	400000	A
389	3	700000	A
390	3	650000	A
391	3	1000000	A
392	3	350000	A
393	3	400000	A
394	3	750000	A
395	3	550000	A
396	3	350000	A
397	3	950000	A
398	3	1150000	A
399	3	550000	A
400	3	500000	A
401	3	400000	A
402	3	650000	A
403	3	600000	A
404	4	400000	A
405	4	500000	A
406	4	800000	A
407	4	450000	A
408	4	400000	A
409	4	950000	A
410	4	350000	A
411	4	300000	A
412	4	650000	A
413	4	500000	A
414	4	600000	A
415	4	900000	A
416	4	500000	A
417	4	500000	A
418	4	450000	A
419	4	450000	A
420	4	650000	A
421	4	450000	A
422	4	350000	A
423	4	800000	A
424	4	300000	A
425	4	400000	A
426	4	600000	A
427	4	500000	A
428	4	550000	A
429	4	600000	A
430	4	1100000	A
431	4	1050000	A
432	4	550000	A
433	4	450000	A
434	4	950000	A
435	4	650000	A
436	4	650000	A
437	4	1250000	A
438	4	1150000	A
439	4	1550000	A
440	4	700000	A
441	4	350000	A
442	4	550000	A
443	4	1200000	A
444	4	850000	A
445	4	400000	A
446	4	3000000	A
447	4	1650000	A
448	4	1000000	A
449	4	1050000	A
450	4	350000	A
451	4	950000	A
452	4	1050000	A
453	4	1650000	A
454	4	1800000	A
455	4	1000000	A
456	4	2100000	A
457	4	550000	A
458	4	600000	A
459	4	950000	A
460	4	850000	A
461	4	1250000	A
462	4	1050000	A
463	4	1950000	A
464	4	1750000	A
465	4	600000	A
466	4	900000	A
467	4	1550000	A
468	4	700000	A
469	4	500000	A
470	4	800000	A
471	4	550000	A
472	4	650000	A
473	4	700000	A
474	4	2050000	A
475	4	1000000	A
476	4	900000	A
477	4	800000	A
478	4	1000000	A
479	4	2200000	A
480	4	1400000	A
481	4	1100000	A
482	4	750000	A
483	4	2200000	A
484	4	500000	A
485	4	2100000	A
486	4	650000	A
487	4	400000	A
488	4	650000	A
489	4	850000	A
490	4	350000	A
491	4	1400000	A
492	4	750000	A
493	4	2100000	A
494	4	1800000	A
495	4	2650000	A
496	4	450000	A
497	4	400000	A
498	4	900000	A
499	4	500000	A
500	4	1000000	A
501	4	650000	A
502	4	1700000	A
503	4	400000	A
504	4	850000	A
505	4	350000	A
506	4	450000	A
507	4	750000	A
508	4	500000	A
509	4	550000	A
510	4	1050000	A
511	4	1250000	A
512	4	1100000	A
513	4	1900000	A
514	4	750000	A
515	4	300000	A
516	4	750000	A
517	4	350000	A
518	4	650000	A
519	4	1400000	A
520	4	350000	A
521	4	400000	A
522	4	550000	A
523	4	450000	A
524	4	1250000	A
525	4	450000	A
526	4	550000	A
527	4	650000	A
528	4	350000	A
529	4	350000	A
530	4	900000	A
531	4	350000	A
532	4	800000	A
533	4	850000	A
534	4	350000	A
535	4	650000	A
536	4	350000	A
537	4	1250000	A
538	4	600000	A
539	4	550000	A
540	4	500000	A
541	5	450000	A
542	5	1600000	A
543	5	900000	A
544	5	450000	A
545	5	600000	A
546	5	1250000	A
547	5	400000	A
548	5	400000	A
549	5	800000	A
550	5	500000	A
551	5	450000	A
552	5	650000	A
553	5	600000	A
554	5	400000	A
555	5	1800000	A
556	5	750000	A
557	5	1300000	A
558	5	1550000	A
559	5	1200000	A
560	5	1300000	A
561	5	700000	A
562	5	800000	A
563	5	800000	A
564	5	650000	A
565	5	1050000	A
566	5	650000	A
567	5	550000	A
568	5	600000	A
569	5	2200000	A
570	5	750000	A
571	5	1250000	A
572	5	650000	A
573	5	500000	A
574	5	1150000	A
575	5	650000	A
576	5	1150000	A
577	5	1200000	A
578	5	950000	A
579	5	400000	A
580	5	500000	A
581	5	400000	A
582	5	450000	A
583	5	350000	A
584	5	1600000	A
585	5	450000	A
586	5	1500000	A
587	5	950000	A
588	5	1600000	A
589	5	550000	A
590	5	750000	A
591	5	1250000	A
592	5	750000	A
593	5	350000	A
594	5	1200000	A
595	5	900000	A
596	5	650000	A
597	5	1450000	A
598	5	450000	A
599	5	1900000	A
600	5	850000	A
601	5	1650000	A
602	5	800000	A
603	5	500000	A
604	5	1500000	A
605	5	2550000	A
606	5	900000	A
607	5	1000000	A
608	5	1800000	A
609	5	950000	A
610	5	850000	A
611	5	750000	A
612	5	800000	A
613	5	1350000	A
614	5	1200000	A
615	5	950000	A
616	5	650000	A
617	5	400000	A
618	5	650000	A
619	5	900000	A
620	5	500000	A
621	5	600000	A
622	5	800000	A
623	5	1150000	A
624	5	1400000	A
625	5	650000	A
626	5	400000	A
627	5	1400000	A
628	5	1000000	A
629	5	700000	A
630	5	750000	A
631	5	350000	A
632	5	650000	A
633	5	450000	A
634	5	600000	A
635	6	1700000	A
636	6	1000000	A
637	6	1150000	A
638	6	450000	A
639	6	550000	A
640	6	550000	A
641	6	600000	A
642	6	400000	A
643	6	600000	A
644	6	550000	A
645	6	750000	A
646	6	750000	A
647	6	500000	A
648	6	400000	A
649	6	600000	A
650	6	300000	A
651	6	850000	A
652	6	850000	A
653	6	600000	A
654	6	500000	A
655	6	950000	A
656	6	500000	A
657	6	1500000	A
658	6	550000	A
659	6	1050000	A
660	6	700000	A
661	6	600000	A
662	6	850000	A
663	6	1700000	A
664	6	300000	A
665	6	850000	A
666	6	1550000	A
667	6	1050000	A
668	6	350000	A
669	6	1850000	A
670	6	300000	A
671	6	1700000	A
672	6	1100000	A
673	6	350000	A
674	6	500000	A
675	6	1300000	A
676	6	650000	A
677	6	800000	A
678	6	1350000	A
679	6	650000	A
680	6	700000	A
681	6	2750000	A
682	6	1050000	A
683	6	900000	A
684	6	600000	A
685	6	800000	A
686	6	450000	A
687	6	350000	A
688	6	500000	A
689	6	450000	A
690	6	500000	A
691	6	600000	A
692	6	2200000	A
693	6	750000	A
694	6	2000000	A
695	6	1400000	A
696	6	650000	A
697	6	550000	A
698	6	650000	A
699	6	1250000	A
700	6	750000	A
701	6	600000	A
702	6	1150000	A
703	6	850000	A
704	6	2750000	A
705	6	2650000	A
706	6	350000	A
707	6	1300000	A
708	6	300000	A
709	6	1200000	A
710	6	2550000	A
711	6	700000	A
712	6	850000	A
713	6	2850000	A
714	6	400000	A
715	6	500000	A
716	6	850000	A
717	6	1400000	A
718	6	450000	A
719	6	300000	A
720	6	400000	A
721	6	1750000	A
722	6	750000	A
723	6	950000	A
724	6	500000	A
725	6	350000	A
726	6	300000	A
727	6	500000	A
728	6	300000	A
729	6	500000	A
730	6	800000	A
731	6	1300000	A
732	6	1100000	A
733	6	300000	A
734	6	350000	A
735	6	300000	A
736	6	1500000	A
737	6	400000	A
738	6	1250000	A
739	6	450000	A
740	6	1150000	A
741	6	350000	A
742	6	450000	A
743	6	800000	A
744	6	450000	A
745	6	1200000	A
746	6	800000	A
747	6	750000	A
748	6	600000	A
749	6	1000000	A
750	6	500000	A
751	6	1800000	A
752	6	800000	A
753	6	750000	A
754	6	300000	A
755	6	300000	A
756	6	1450000	A
757	6	400000	A
758	6	1150000	A
759	6	550000	A
760	6	450000	A
761	6	850000	A
762	6	700000	A
763	6	450000	A
764	6	1150000	A
765	6	450000	A
766	6	850000	A
767	6	650000	A
768	6	400000	A
769	6	550000	A
770	6	1350000	A
771	6	600000	A
772	6	500000	A
773	6	550000	A
774	6	1250000	A
775	6	1850000	A
776	6	550000	A
777	6	550000	A
778	6	800000	A
779	6	450000	A
780	6	850000	A
781	6	500000	A
782	6	400000	A
783	6	750000	A
784	6	350000	A
785	6	450000	A
786	6	700000	A
787	6	950000	A
788	6	2600000	A
789	6	1000000	A
790	6	1400000	A
791	6	1850000	A
792	6	750000	A
793	6	450000	A
794	6	350000	A
795	6	1200000	A
796	6	400000	A
797	6	350000	A
798	6	550000	A
799	6	950000	A
800	6	2950000	A
801	7	350000	A
802	7	600000	A
803	7	500000	A
804	7	400000	A
805	7	500000	A
806	7	750000	A
807	7	2400000	A
808	7	450000	A
809	7	400000	A
810	7	650000	A
811	7	900000	A
812	7	750000	A
813	7	1400000	A
814	7	550000	A
815	7	350000	A
816	7	450000	A
817	7	650000	A
818	7	650000	A
819	7	1400000	A
820	7	350000	A
821	7	400000	A
822	7	650000	A
823	7	1150000	A
824	7	550000	A
825	7	1550000	A
826	7	2700000	A
827	7	650000	A
828	7	900000	A
829	7	950000	A
830	7	400000	A
831	7	850000	A
832	7	400000	A
833	7	400000	A
834	7	1900000	A
835	7	850000	A
836	7	3000000	A
837	7	500000	A
838	7	2000000	A
839	7	1250000	A
840	7	1450000	A
841	7	2300000	A
842	7	300000	A
843	7	1700000	A
844	7	2250000	A
845	7	1400000	A
846	7	300000	A
847	7	2600000	A
848	7	1300000	A
849	7	350000	A
850	7	950000	A
851	7	1150000	A
852	7	700000	A
853	7	2400000	A
854	7	2050000	A
855	7	750000	A
856	7	600000	A
857	7	550000	A
858	7	1100000	A
859	7	1250000	A
860	7	1450000	A
861	7	650000	A
862	7	450000	A
863	7	1050000	A
864	7	1000000	A
865	7	1300000	A
866	7	650000	A
867	7	400000	A
868	7	1000000	A
869	7	450000	A
870	7	800000	A
871	7	750000	A
872	7	400000	A
873	7	1000000	A
874	7	950000	A
875	7	850000	A
876	7	550000	A
877	7	800000	A
878	7	700000	A
879	7	1300000	A
880	7	700000	A
881	7	900000	A
882	7	850000	A
883	7	500000	A
884	7	800000	A
885	7	1000000	A
886	7	600000	A
887	7	300000	A
888	7	600000	A
889	7	1050000	A
890	7	700000	A
891	7	450000	A
892	7	1000000	A
893	7	450000	A
894	7	400000	A
895	7	550000	A
896	7	800000	A
897	7	650000	A
898	7	500000	A
899	7	650000	A
900	7	1250000	A
901	7	800000	A
902	7	1150000	A
903	7	500000	A
904	7	650000	A
905	7	2650000	A
906	7	700000	A
907	7	1150000	A
908	7	1400000	A
909	7	550000	A
910	8	300000	A
911	8	1850000	A
912	8	500000	A
913	8	550000	A
914	8	850000	A
915	8	650000	A
916	8	1050000	A
917	8	1000000	A
918	8	1000000	A
919	8	750000	A
920	8	850000	A
921	8	1150000	A
922	8	600000	A
923	8	1050000	A
924	8	900000	A
925	8	350000	A
926	8	1950000	A
927	8	600000	A
928	8	1200000	A
929	8	1050000	A
930	8	1050000	A
931	8	700000	A
932	8	400000	A
933	8	300000	A
934	8	350000	A
935	8	550000	A
936	8	300000	A
937	8	350000	A
938	8	850000	A
939	8	350000	A
940	8	900000	A
941	8	600000	A
942	8	700000	A
943	8	300000	A
944	8	1000000	A
945	8	800000	A
946	8	400000	A
947	8	550000	A
948	8	2200000	A
949	8	1000000	A
950	8	300000	A
951	8	300000	A
952	8	900000	A
953	8	600000	A
954	8	2900000	A
955	8	750000	A
956	8	300000	A
957	8	350000	A
958	8	350000	A
959	8	1100000	A
960	8	1500000	A
961	8	500000	A
962	8	850000	A
963	8	300000	A
964	8	600000	A
965	8	450000	A
966	8	800000	A
967	8	600000	A
968	8	1250000	A
969	8	800000	A
970	8	700000	A
971	8	550000	A
972	8	350000	A
973	8	1450000	A
974	8	1000000	A
975	8	450000	A
976	8	350000	A
977	8	800000	A
978	8	1100000	A
979	8	1150000	A
980	8	1350000	A
981	8	1450000	A
982	8	1650000	A
983	8	450000	A
984	8	700000	A
985	8	2850000	A
986	8	1450000	A
987	8	850000	A
988	8	300000	A
989	8	1050000	A
990	8	350000	A
991	8	600000	A
992	8	300000	A
993	8	300000	A
994	8	450000	A
995	8	650000	A
996	8	950000	A
997	8	750000	A
998	8	550000	A
999	8	450000	A
1000	8	550000	A
1001	8	750000	A
1002	8	750000	A
1003	8	850000	A
1004	8	400000	A
1005	8	650000	A
1006	8	400000	A
1007	8	1050000	A
1008	8	800000	A
1009	8	1950000	A
1010	8	700000	A
1011	8	800000	A
1012	8	800000	A
1013	8	500000	A
1014	8	1000000	A
1015	8	1800000	A
1016	8	850000	A
1017	8	2050000	A
1018	8	750000	A
1019	8	500000	A
1020	8	1100000	A
1021	8	1900000	A
1022	8	950000	A
1023	8	450000	A
1024	8	600000	A
1025	8	2400000	A
1026	8	1250000	A
1027	8	450000	A
1028	8	1450000	A
1029	8	350000	A
1030	8	750000	A
1031	8	600000	A
1032	8	700000	A
1033	8	1150000	A
1034	8	650000	A
1035	8	400000	A
1036	8	900000	A
1037	8	850000	A
1038	8	750000	A
1039	8	700000	A
1040	8	550000	A
1041	8	550000	A
1042	8	400000	A
1043	8	1750000	A
1044	8	1300000	A
1045	8	500000	A
1046	8	350000	A
1047	8	800000	A
1048	8	1950000	A
1049	8	300000	A
1050	8	450000	A
1051	8	850000	A
1052	8	400000	A
1053	8	300000	A
1054	8	1400000	A
1055	8	850000	A
1056	8	550000	A
1057	8	950000	A
1058	8	1900000	A
1059	8	1850000	A
1060	8	750000	A
1061	8	600000	A
1062	8	600000	A
1063	8	500000	A
1064	8	2600000	A
1065	9	650000	A
1066	9	1250000	A
1067	9	500000	A
1068	9	650000	A
1069	9	500000	A
1070	9	1700000	A
1071	9	950000	A
1072	9	350000	A
1073	9	300000	A
1074	9	950000	A
1075	9	600000	A
1076	9	1000000	A
1077	9	550000	A
1078	9	800000	A
1079	9	450000	A
1080	9	1250000	A
1081	9	500000	A
1082	9	400000	A
1083	9	1550000	A
1084	9	500000	A
1085	9	900000	A
1086	9	650000	A
1087	9	500000	A
1088	9	850000	A
1089	9	600000	A
1090	9	2600000	A
1091	9	950000	A
1092	9	350000	A
1093	9	1900000	A
1094	9	950000	A
1095	9	2450000	A
1096	9	2900000	A
1097	9	500000	A
1098	9	2000000	A
1099	9	1200000	A
1100	9	1100000	A
1101	9	650000	A
1102	9	950000	A
1103	9	850000	A
1104	9	1100000	A
1105	9	400000	A
1106	9	1300000	A
1107	9	750000	A
1108	9	1150000	A
1109	9	1100000	A
1110	9	700000	A
1111	9	800000	A
1112	9	1450000	A
1113	9	750000	A
1114	9	600000	A
1115	9	350000	A
1116	9	550000	A
1117	9	850000	A
1118	9	1200000	A
1119	9	300000	A
1120	9	750000	A
1121	9	1650000	A
1122	9	350000	A
1123	9	600000	A
1124	9	1300000	A
1125	9	900000	A
1126	9	500000	A
1127	9	800000	A
1128	9	1000000	A
1129	9	950000	A
1130	9	850000	A
1131	9	1500000	A
1132	9	800000	A
1133	9	1600000	A
1134	9	650000	A
1135	9	650000	A
1136	9	350000	A
1137	9	750000	A
1138	9	750000	A
1139	9	750000	A
1140	9	500000	A
1141	9	1450000	A
1142	9	400000	A
1143	9	500000	A
1144	9	950000	A
1145	9	300000	A
1146	9	550000	A
1147	9	450000	A
1148	9	1250000	A
1149	9	350000	A
1150	9	300000	A
1151	9	300000	A
1152	9	1400000	A
1153	9	1000000	A
1154	9	800000	A
1155	9	1100000	A
1156	9	1050000	A
1157	9	950000	A
1158	9	500000	A
1159	9	500000	A
1160	9	550000	A
1161	9	1500000	A
1162	9	1050000	A
1163	9	2150000	A
1164	10	650000	A
1165	10	500000	A
1166	10	650000	A
1167	10	450000	A
1168	10	1250000	A
1169	10	750000	A
1170	10	800000	A
1171	10	950000	A
1172	10	400000	A
1173	10	300000	A
1174	10	600000	A
1175	10	1100000	A
1176	10	300000	A
1177	10	700000	A
1178	10	1550000	A
1179	10	400000	A
1180	10	500000	A
1181	10	1500000	A
1182	10	700000	A
1183	10	1500000	A
1184	10	450000	A
1185	10	800000	A
1186	10	600000	A
1187	10	450000	A
1188	10	1200000	A
1189	10	1300000	A
1190	10	350000	A
1191	10	1250000	A
1192	10	600000	A
1193	10	500000	A
1194	10	550000	A
1195	10	700000	A
1196	10	1400000	A
1197	10	350000	A
1198	10	600000	A
1199	10	1350000	A
1200	10	900000	A
1201	10	1300000	A
1202	10	400000	A
1203	10	850000	A
1204	10	400000	A
1205	10	500000	A
1206	10	1000000	A
1207	10	300000	A
1208	10	450000	A
1209	10	750000	A
1210	10	1250000	A
1211	10	550000	A
1212	10	950000	A
1213	10	350000	A
1214	10	550000	A
1215	10	350000	A
1216	10	1050000	A
1217	10	450000	A
1218	10	2050000	A
1219	10	700000	A
1220	10	550000	A
1221	10	550000	A
1222	10	1800000	A
1223	10	500000	A
1224	10	450000	A
1225	10	1350000	A
1226	10	450000	A
1227	10	1350000	A
1228	10	750000	A
1229	10	450000	A
1230	10	700000	A
1231	10	450000	A
1232	10	600000	A
1233	10	1250000	A
1234	10	550000	A
1235	10	700000	A
1236	10	1100000	A
1237	10	450000	A
1238	10	300000	A
1239	10	400000	A
1240	10	2100000	A
1241	10	400000	A
1242	10	400000	A
1243	10	650000	A
1244	10	750000	A
1245	10	800000	A
1246	10	500000	A
1247	10	650000	A
1248	10	300000	A
1249	10	1000000	A
1250	10	2600000	A
1251	10	2050000	A
1252	10	550000	A
1253	10	1450000	A
1254	10	2000000	A
1255	10	800000	A
1256	10	900000	A
1257	10	1650000	A
1258	10	1700000	A
1259	10	400000	A
1260	10	850000	A
1261	10	300000	A
1262	10	400000	A
1263	10	500000	A
1264	10	600000	A
1265	10	1350000	A
1266	10	450000	A
1267	10	400000	A
1268	10	400000	A
1269	10	2100000	A
1270	10	1100000	A
1271	10	450000	A
1272	10	1950000	A
1273	10	700000	A
1274	10	750000	A
1275	10	350000	A
1276	10	400000	A
1277	10	1700000	A
1278	10	600000	A
1279	10	1100000	A
1280	10	300000	A
1281	10	700000	A
1282	10	1400000	A
1283	10	1050000	A
1284	10	800000	A
1285	10	400000	A
1286	10	1450000	A
1287	10	1100000	A
1288	10	300000	A
1289	10	700000	A
1290	10	1000000	A
1291	10	350000	A
1292	10	450000	A
1293	10	1250000	A
1294	10	400000	A
1295	10	700000	A
1296	10	550000	A
1297	10	600000	A
1298	10	600000	A
1299	10	450000	A
1300	10	650000	A
1301	10	650000	A
1302	10	650000	A
1303	10	850000	A
1304	10	600000	A
1305	10	300000	A
1306	10	300000	A
1307	10	600000	A
1308	10	1200000	A
1309	10	850000	A
1310	10	800000	A
1311	10	550000	A
1312	10	300000	A
1313	10	450000	A
1314	10	450000	A
1315	10	900000	A
1316	10	1350000	A
1317	10	1000000	A
1318	10	300000	A
1319	10	750000	A
1320	10	800000	A
1321	10	1350000	A
1322	10	1000000	A
1323	11	550000	A
1324	11	650000	A
1325	11	1150000	A
1326	11	2700000	A
1327	11	2500000	A
1328	11	450000	A
1329	11	700000	A
1330	11	450000	A
1331	11	350000	A
1332	11	350000	A
1333	11	450000	A
1334	11	300000	A
1335	11	300000	A
1336	11	300000	A
1337	11	450000	A
1338	11	350000	A
1339	11	400000	A
1340	11	400000	A
1341	11	450000	A
1342	11	300000	A
1343	11	600000	A
1344	11	750000	A
1345	11	750000	A
1346	11	700000	A
1347	11	750000	A
1348	11	350000	A
1349	11	450000	A
1350	11	650000	A
1351	11	450000	A
1352	11	700000	A
1353	11	350000	A
1354	11	600000	A
1355	11	800000	A
1356	11	1150000	A
1357	11	700000	A
1358	11	350000	A
1359	11	900000	A
1360	11	850000	A
1361	11	1550000	A
1362	11	350000	A
1363	11	900000	A
1364	11	1350000	A
1365	11	350000	A
1366	11	1750000	A
1367	11	1750000	A
1368	11	850000	A
1369	11	850000	A
1370	11	600000	A
1371	11	950000	A
1372	11	600000	A
1373	11	550000	A
1374	11	400000	A
1375	11	950000	A
1376	11	400000	A
1377	11	950000	A
1378	11	500000	A
1379	11	550000	A
1380	11	1700000	A
1381	11	450000	A
1382	11	650000	A
1383	11	300000	A
1384	11	300000	A
1385	11	350000	A
1386	11	1000000	A
1387	11	1400000	A
1388	11	800000	A
1389	11	1300000	A
1390	11	1850000	A
1391	11	650000	A
1392	11	1400000	A
1393	11	1050000	A
1394	11	900000	A
1395	11	400000	A
1396	11	550000	A
1397	11	2550000	A
1398	11	500000	A
1399	11	1000000	A
1400	11	1700000	A
1401	11	550000	A
1402	11	1200000	A
1403	11	400000	A
1404	11	1200000	A
1405	11	400000	A
1406	11	2150000	A
1407	11	950000	A
1408	11	2100000	A
1409	11	800000	A
1410	11	1150000	A
1411	11	1300000	A
1412	11	650000	A
1413	11	900000	A
1414	11	550000	A
1415	11	850000	A
1416	11	300000	A
1417	11	500000	A
1418	11	1050000	A
1419	11	1150000	A
1420	11	300000	A
1421	11	600000	A
1422	11	300000	A
1423	11	650000	A
1424	11	1800000	A
1425	11	1750000	A
1426	11	950000	A
1427	11	1300000	A
1428	11	350000	A
1429	11	600000	A
1430	11	600000	A
1431	11	800000	A
1432	11	1000000	A
1433	11	900000	A
1434	11	300000	A
1435	11	300000	A
1436	11	1350000	A
1437	11	1300000	A
1438	11	350000	A
1439	11	1450000	A
1440	11	300000	A
1441	11	1250000	A
1442	11	350000	A
1443	11	950000	A
1444	11	650000	A
1445	11	1550000	A
1446	11	550000	A
1447	11	2250000	A
1448	11	300000	A
1449	11	700000	A
1450	11	900000	A
1451	11	700000	A
1452	11	900000	A
1453	11	350000	A
1454	11	500000	A
1455	11	1000000	A
1456	11	550000	A
1457	11	900000	A
1458	11	600000	A
1459	11	400000	A
1460	11	650000	A
1461	11	300000	A
1462	11	350000	A
1463	11	400000	A
1464	11	300000	A
1465	11	1250000	A
1466	11	300000	A
1467	11	2350000	A
1468	11	350000	A
1469	11	500000	A
1470	11	1550000	A
1471	11	1550000	A
1472	11	700000	A
1473	11	1350000	A
1474	11	800000	A
1475	11	400000	A
1476	11	700000	A
1477	11	400000	A
1478	11	900000	A
1479	11	500000	A
1480	11	350000	A
1481	11	400000	A
1482	11	300000	A
1483	11	750000	A
1484	12	800000	A
1485	12	450000	A
1486	12	300000	A
1487	12	1600000	A
1488	12	600000	A
1489	12	1650000	A
1490	12	850000	A
1491	12	400000	A
1492	12	750000	A
1493	12	350000	A
1494	12	550000	A
1495	12	450000	A
1496	12	1500000	A
1497	12	1000000	A
1498	12	1200000	A
1499	12	600000	A
1500	12	750000	A
1501	12	350000	A
1502	12	700000	A
1503	12	600000	A
1504	12	350000	A
1505	12	400000	A
1506	12	1450000	A
1507	12	1400000	A
1508	12	450000	A
1509	12	1950000	A
1510	12	400000	A
1511	12	400000	A
1512	12	900000	A
1513	12	750000	A
1514	12	400000	A
1515	12	450000	A
1516	12	2950000	A
1517	12	450000	A
1518	12	1600000	A
1519	12	400000	A
1520	12	2100000	A
1521	12	1100000	A
1522	12	700000	A
1523	12	1200000	A
1524	12	950000	A
1525	12	600000	A
1526	12	700000	A
1527	12	600000	A
1528	12	1950000	A
1529	12	550000	A
1530	12	950000	A
1531	12	800000	A
1532	12	550000	A
1533	12	2200000	A
1534	12	350000	A
1535	12	650000	A
1536	12	450000	A
1537	12	650000	A
1538	12	1000000	A
1539	12	850000	A
1540	12	400000	A
1541	12	1450000	A
1542	12	800000	A
1543	12	1200000	A
1544	12	850000	A
1545	12	650000	A
1546	12	750000	A
1547	12	750000	A
1548	12	1850000	A
1549	12	2050000	A
1550	12	650000	A
1551	12	300000	A
1552	12	1150000	A
1553	12	1550000	A
1554	12	1100000	A
1555	12	1600000	A
1556	12	700000	A
1557	12	1150000	A
1558	12	1450000	A
1559	12	1050000	A
1560	12	750000	A
1561	12	1150000	A
1562	12	550000	A
1563	12	1150000	A
1564	12	450000	A
1565	12	600000	A
1566	12	1700000	A
1567	12	1300000	A
1568	12	1950000	A
1569	12	750000	A
1570	12	500000	A
1571	12	400000	A
1572	12	1900000	A
1573	12	1800000	A
1574	12	1000000	A
1575	12	300000	A
1576	12	350000	A
1577	12	650000	A
1578	12	550000	A
1579	12	850000	A
1580	12	600000	A
1581	12	550000	A
1582	12	1050000	A
1583	12	1400000	A
1584	12	500000	A
1585	12	1150000	A
1586	12	550000	A
1587	12	750000	A
1588	12	750000	A
1589	12	550000	A
1590	12	800000	A
1591	12	1000000	A
1592	12	500000	A
1593	12	550000	A
1594	12	550000	A
1595	12	850000	A
1596	12	450000	A
1597	12	650000	A
1598	12	750000	A
1599	12	300000	A
1600	12	1000000	A
1601	12	350000	A
1602	12	800000	A
1603	12	550000	A
1604	12	1200000	A
1605	12	500000	A
1606	12	800000	A
1607	12	500000	A
1608	12	400000	A
1609	12	400000	A
1610	12	450000	A
1611	12	750000	A
1612	12	650000	A
1613	12	500000	A
1614	12	500000	A
1615	12	550000	A
1616	12	650000	A
1617	12	650000	A
1618	12	800000	A
1619	12	800000	A
1620	12	450000	A
1621	12	350000	A
1622	12	1800000	A
1623	13	1200000	A
1624	13	350000	A
1625	13	750000	A
1626	13	350000	A
1627	13	600000	A
1628	13	1050000	A
1629	13	1200000	A
1630	13	550000	A
1631	13	600000	A
1632	13	950000	A
1633	13	900000	A
1634	13	900000	A
1635	13	950000	A
1636	13	400000	A
1637	13	750000	A
1638	13	700000	A
1639	13	450000	A
1640	13	1200000	A
1641	13	650000	A
1642	13	550000	A
1643	13	2500000	A
1644	13	300000	A
1645	13	1200000	A
1646	13	350000	A
1647	13	550000	A
1648	13	1100000	A
1649	13	500000	A
1650	13	400000	A
1651	13	1350000	A
1652	13	500000	A
1653	13	700000	A
1654	13	300000	A
1655	13	1950000	A
1656	13	1500000	A
1657	13	300000	A
1658	13	800000	A
1659	13	1100000	A
1660	13	600000	A
1661	13	550000	A
1662	13	350000	A
1663	13	1300000	A
1664	13	1500000	A
1665	13	550000	A
1666	13	850000	A
1667	13	1600000	A
1668	13	1000000	A
1669	13	600000	A
1670	13	450000	A
1671	13	750000	A
1672	13	950000	A
1673	13	1500000	A
1674	13	2200000	A
1675	13	300000	A
1676	13	950000	A
1677	13	1600000	A
1678	13	3000000	A
1679	13	500000	A
1680	13	500000	A
1681	13	1500000	A
1682	13	2500000	A
1683	13	1700000	A
1684	13	2050000	A
1685	13	900000	A
1686	13	1400000	A
1687	13	650000	A
1688	13	700000	A
1689	13	300000	A
1690	13	2350000	A
1691	13	1100000	A
1692	13	450000	A
1693	13	300000	A
1694	13	550000	A
1695	13	1350000	A
1696	13	500000	A
1697	13	1100000	A
1698	13	800000	A
1699	13	350000	A
1700	13	350000	A
1701	13	1650000	A
1702	13	1100000	A
1703	13	400000	A
1704	13	550000	A
1705	13	1100000	A
1706	13	600000	A
1707	13	450000	A
1708	13	700000	A
1709	13	600000	A
1710	13	2300000	A
1711	13	1250000	A
1712	13	1200000	A
1713	13	900000	A
1714	13	550000	A
1715	13	350000	A
1716	13	300000	A
1717	13	300000	A
1718	13	600000	A
1719	13	350000	A
1720	13	350000	A
1721	13	650000	A
1722	13	400000	A
1723	13	550000	A
1724	13	750000	A
1725	13	450000	A
1726	13	650000	A
1727	13	400000	A
1728	13	550000	A
1729	13	1600000	A
1730	13	850000	A
1731	13	400000	A
1732	13	800000	A
1733	13	300000	A
1734	13	450000	A
1735	13	1100000	A
1736	13	850000	A
1737	13	650000	A
1738	13	950000	A
1739	13	550000	A
1740	13	350000	A
1741	13	400000	A
1742	13	400000	A
1743	13	500000	A
1744	13	350000	A
1745	13	550000	A
1746	13	700000	A
1747	13	500000	A
1748	13	400000	A
1749	13	300000	A
1750	13	650000	A
1751	13	400000	A
1752	13	600000	A
1753	13	350000	A
1754	13	850000	A
1755	13	1250000	A
1756	13	500000	A
1757	13	1000000	A
1758	13	850000	A
1759	13	550000	A
1760	13	700000	A
1761	13	1250000	A
1762	13	550000	A
1763	13	650000	A
1764	13	500000	A
1765	13	450000	A
1766	13	500000	A
1767	13	1350000	A
1768	13	850000	A
1769	13	550000	A
1770	13	600000	A
1771	13	300000	A
1772	13	950000	A
1773	13	1350000	A
1774	1	1000000	D
1775	1	400000	D
1776	1	850000	D
1777	1	1050000	D
1778	1	500000	D
1779	1	400000	D
1780	1	950000	D
1781	1	500000	D
1782	1	700000	D
1783	1	300000	D
1784	1	350000	D
1785	1	300000	D
1786	1	450000	D
1787	1	400000	D
1788	1	750000	D
1789	1	1300000	D
1790	1	400000	D
1791	1	400000	D
1792	1	550000	D
1793	1	400000	D
1794	1	800000	D
1795	1	500000	D
1796	1	500000	D
1797	1	700000	D
1798	1	350000	D
1799	1	500000	D
1800	1	1000000	D
1801	1	600000	D
1802	1	1000000	D
1803	1	500000	D
1804	1	750000	D
1805	1	550000	D
1806	1	1400000	D
1807	1	300000	D
1808	1	550000	D
1809	1	400000	D
1810	1	600000	D
1811	1	600000	D
1812	1	350000	D
1813	1	800000	D
1814	1	550000	D
1815	1	1100000	D
1816	1	550000	D
1817	1	600000	D
1818	1	500000	D
1819	1	2000000	D
1820	1	400000	D
1821	1	450000	D
1822	1	450000	D
1823	1	300000	D
1824	1	300000	D
1825	1	300000	D
1826	1	600000	D
1827	1	450000	D
1828	1	300000	D
1829	1	350000	D
1830	1	500000	D
1831	1	300000	D
1832	1	550000	D
1833	1	550000	D
1834	1	850000	D
1835	1	800000	D
1836	1	1250000	D
1837	1	450000	D
1838	1	450000	D
1839	1	1000000	D
1840	1	650000	D
1841	1	400000	D
1842	1	350000	D
1843	1	300000	D
1844	1	400000	D
1845	1	450000	D
1846	1	800000	D
1847	1	400000	D
1848	1	450000	D
1849	1	500000	D
1850	1	850000	D
1851	1	500000	D
1852	1	2000000	D
1853	2	800000	D
1854	2	300000	D
1855	2	400000	D
1856	2	550000	D
1857	2	600000	D
1858	2	400000	D
1859	2	400000	D
1860	2	350000	D
1861	2	300000	D
1862	2	500000	D
1863	2	750000	D
1864	2	500000	D
1865	2	400000	D
1866	2	600000	D
1867	2	400000	D
1868	2	400000	D
1869	2	1900000	D
1870	2	350000	D
1871	2	350000	D
1872	2	450000	D
1873	2	350000	D
1874	2	650000	D
1875	2	500000	D
1876	2	1550000	D
1877	2	550000	D
1878	2	300000	D
1879	2	850000	D
1880	2	400000	D
1881	2	550000	D
1882	2	650000	D
1883	2	500000	D
1884	2	400000	D
1885	2	1100000	D
1886	2	650000	D
1887	2	750000	D
1888	2	850000	D
1889	2	800000	D
1890	2	450000	D
1891	2	350000	D
1892	2	850000	D
1893	2	1050000	D
1894	2	350000	D
1895	2	550000	D
1896	2	650000	D
1897	2	750000	D
1898	2	300000	D
1899	2	900000	D
1900	2	500000	D
1901	2	800000	D
1902	2	650000	D
1903	2	400000	D
1904	2	700000	D
1905	2	700000	D
1906	2	500000	D
1907	2	350000	D
1908	2	400000	D
1909	2	550000	D
1910	2	550000	D
1911	2	1350000	D
1912	2	350000	D
1913	2	600000	D
1914	2	400000	D
1915	2	650000	D
1916	2	1500000	D
1917	2	1050000	D
1918	2	800000	D
1919	2	550000	D
1920	2	750000	D
1921	2	350000	D
1922	2	1000000	D
1923	2	1850000	D
1924	3	750000	D
1925	3	400000	D
1926	3	750000	D
1927	3	550000	D
1928	3	400000	D
1929	3	500000	D
1930	3	300000	D
1931	3	450000	D
1932	3	1400000	D
1933	3	400000	D
1934	3	750000	D
1935	3	500000	D
1936	3	1100000	D
1937	3	1000000	D
1938	3	550000	D
1939	3	850000	D
1940	3	1050000	D
1941	3	850000	D
1942	3	1250000	D
1943	3	350000	D
1944	3	1200000	D
1945	3	400000	D
1946	3	600000	D
1947	3	450000	D
1948	3	600000	D
1949	3	350000	D
1950	3	400000	D
1951	3	400000	D
1952	3	400000	D
1953	3	1750000	D
1954	3	300000	D
1955	3	500000	D
1956	3	400000	D
1957	3	450000	D
1958	3	1100000	D
1959	3	500000	D
1960	3	1550000	D
1961	3	1550000	D
1962	3	400000	D
1963	3	700000	D
1964	3	500000	D
1965	3	1350000	D
1966	3	1200000	D
1967	3	300000	D
1968	3	350000	D
1969	3	750000	D
1970	3	1550000	D
1971	3	400000	D
1972	3	350000	D
1973	3	1200000	D
1974	3	700000	D
1975	3	500000	D
1976	3	750000	D
1977	3	350000	D
1978	3	500000	D
1979	3	450000	D
1980	3	1800000	D
1981	3	400000	D
1982	3	700000	D
1983	3	1900000	D
1984	3	400000	D
1985	3	400000	D
1986	3	750000	D
1987	3	900000	D
1988	3	350000	D
1989	3	950000	D
1990	3	650000	D
1991	3	500000	D
1992	3	900000	D
1993	3	350000	D
1994	3	900000	D
1995	3	350000	D
1996	3	750000	D
1997	3	600000	D
1998	3	600000	D
1999	3	650000	D
2000	3	350000	D
2001	3	600000	D
2002	3	1800000	D
2003	3	750000	D
2004	4	500000	D
2005	4	700000	D
2006	4	700000	D
2007	4	950000	D
2008	4	600000	D
2009	4	400000	D
2010	4	300000	D
2011	4	450000	D
2012	4	350000	D
2013	4	550000	D
2014	4	350000	D
2015	4	1000000	D
2016	4	800000	D
2017	4	350000	D
2018	4	400000	D
2019	4	850000	D
2020	4	350000	D
2021	4	600000	D
2022	4	500000	D
2023	4	500000	D
2024	4	1350000	D
2025	4	350000	D
2026	4	800000	D
2027	4	450000	D
2028	4	900000	D
2029	4	500000	D
2030	4	500000	D
2031	4	300000	D
2032	4	500000	D
2033	4	400000	D
2034	4	550000	D
2035	4	350000	D
2036	4	400000	D
2037	4	600000	D
2038	4	550000	D
2039	4	500000	D
2040	4	450000	D
2041	4	750000	D
2042	4	500000	D
2043	4	300000	D
2044	4	1150000	D
2045	4	400000	D
2046	4	550000	D
2047	4	1400000	D
2048	4	850000	D
2049	4	650000	D
2050	4	600000	D
2051	4	650000	D
2052	4	600000	D
2053	4	2750000	D
2054	4	500000	D
2055	4	400000	D
2056	4	400000	D
2057	4	650000	D
2058	4	400000	D
2059	4	650000	D
2060	4	550000	D
2061	4	1050000	D
2062	4	550000	D
2063	4	550000	D
2064	4	650000	D
2065	4	550000	D
2066	4	1000000	D
2067	4	2650000	D
2068	4	750000	D
2069	4	1100000	D
2070	4	750000	D
2071	4	450000	D
2072	4	400000	D
2073	5	750000	D
2074	5	550000	D
2075	5	400000	D
2076	5	300000	D
2077	5	550000	D
2078	5	800000	D
2079	5	500000	D
2080	5	850000	D
2081	5	650000	D
2082	5	650000	D
2083	5	700000	D
2084	5	550000	D
2085	5	450000	D
2086	5	650000	D
2087	5	650000	D
2088	5	700000	D
2089	5	400000	D
2090	5	350000	D
2091	5	1350000	D
2092	5	650000	D
2093	5	400000	D
2094	5	500000	D
2095	5	550000	D
2096	5	650000	D
2097	5	400000	D
2098	5	450000	D
2099	5	700000	D
2100	5	550000	D
2101	5	500000	D
2102	5	700000	D
2103	5	1500000	D
2104	5	450000	D
2105	5	550000	D
2106	5	400000	D
2107	5	950000	D
2108	5	400000	D
2109	5	400000	D
2110	5	750000	D
2111	5	500000	D
2112	5	350000	D
2113	5	550000	D
2114	5	700000	D
2115	5	1150000	D
2116	5	300000	D
2117	5	2250000	D
2118	5	300000	D
2119	5	650000	D
2120	5	1200000	D
2121	5	650000	D
2122	5	800000	D
2123	5	850000	D
2124	5	300000	D
2125	5	1400000	D
2126	5	550000	D
2127	5	450000	D
2128	5	1050000	D
2129	5	950000	D
2130	5	500000	D
2131	5	900000	D
2132	5	500000	D
2133	5	600000	D
2134	5	450000	D
2135	5	850000	D
2136	5	800000	D
2137	5	850000	D
2138	5	650000	D
2139	5	800000	D
2140	5	700000	D
2141	5	450000	D
2142	5	950000	D
2143	5	450000	D
2144	5	700000	D
2145	5	450000	D
2146	5	550000	D
2147	5	950000	D
2148	5	350000	D
2149	5	300000	D
2150	5	750000	D
2151	5	950000	D
2152	5	550000	D
2153	5	1150000	D
2154	5	550000	D
2155	6	800000	D
2156	6	500000	D
2157	6	900000	D
2158	6	1000000	D
2159	6	700000	D
2160	6	800000	D
2161	6	650000	D
2162	6	500000	D
2163	6	300000	D
2164	6	400000	D
2165	6	300000	D
2166	6	800000	D
2167	6	500000	D
2168	6	950000	D
2169	6	500000	D
2170	6	350000	D
2171	6	300000	D
2172	6	550000	D
2173	6	550000	D
2174	6	350000	D
2175	6	350000	D
2176	6	400000	D
2177	6	1100000	D
2178	6	600000	D
2179	6	500000	D
2180	6	800000	D
2181	6	450000	D
2182	6	650000	D
2183	6	850000	D
2184	6	400000	D
2185	6	650000	D
2186	6	300000	D
2187	6	650000	D
2188	6	550000	D
2189	6	450000	D
2190	6	750000	D
2191	6	700000	D
2192	6	400000	D
2193	6	500000	D
2194	6	900000	D
2195	6	700000	D
2196	6	600000	D
2197	6	650000	D
2198	6	650000	D
2199	6	600000	D
2200	6	450000	D
2201	6	800000	D
2202	6	750000	D
2203	6	900000	D
2204	6	700000	D
2205	6	350000	D
2206	6	600000	D
2207	6	1850000	D
2208	6	900000	D
2209	6	500000	D
2210	6	1000000	D
2211	6	900000	D
2212	6	350000	D
2213	6	950000	D
2214	6	650000	D
2215	6	800000	D
2216	6	800000	D
2217	6	550000	D
2218	6	500000	D
2219	6	500000	D
2220	6	400000	D
2221	6	500000	D
2222	6	900000	D
2223	6	650000	D
2224	6	400000	D
2225	6	550000	D
2226	6	1400000	D
2227	6	650000	D
2228	6	600000	D
2229	6	1150000	D
2230	6	300000	D
2231	6	400000	D
2232	6	500000	D
2233	6	700000	D
2234	6	500000	D
2235	6	450000	D
2236	6	700000	D
2237	6	1300000	D
2238	6	550000	D
2239	6	400000	D
2240	6	850000	D
2241	6	550000	D
2242	6	800000	D
2243	6	300000	D
2244	6	550000	D
2245	7	1000000	D
2246	7	450000	D
2247	7	500000	D
2248	7	1000000	D
2249	7	400000	D
2250	7	1350000	D
2251	7	500000	D
2252	7	300000	D
2253	7	350000	D
2254	7	500000	D
2255	7	1050000	D
2256	7	600000	D
2257	7	1350000	D
2258	7	1250000	D
2259	7	900000	D
2260	7	750000	D
2261	7	2950000	D
2262	7	350000	D
2263	7	1100000	D
2264	7	300000	D
2265	7	550000	D
2266	7	400000	D
2267	7	450000	D
2268	7	350000	D
2269	7	350000	D
2270	7	300000	D
2271	7	950000	D
2272	7	550000	D
2273	7	1000000	D
2274	7	550000	D
2275	7	500000	D
2276	7	300000	D
2277	7	1300000	D
2278	7	350000	D
2279	7	400000	D
2280	7	1600000	D
2281	7	900000	D
2282	7	600000	D
2283	7	700000	D
2284	7	450000	D
2285	7	650000	D
2286	7	750000	D
2287	7	400000	D
2288	7	600000	D
2289	7	300000	D
2290	7	450000	D
2291	7	850000	D
2292	7	600000	D
2293	7	650000	D
2294	7	550000	D
2295	7	600000	D
2296	7	750000	D
2297	7	500000	D
2298	7	450000	D
2299	7	400000	D
2300	7	450000	D
2301	7	350000	D
2302	7	600000	D
2303	7	400000	D
2304	7	750000	D
2305	7	900000	D
2306	7	750000	D
2307	7	550000	D
2308	7	700000	D
2309	7	900000	D
2310	7	350000	D
2311	7	1700000	D
2312	7	650000	D
2313	7	500000	D
2314	8	800000	D
2315	8	450000	D
2316	8	400000	D
2317	8	350000	D
2318	8	500000	D
2319	8	500000	D
2320	8	400000	D
2321	8	550000	D
2322	8	650000	D
2323	8	350000	D
2324	8	350000	D
2325	8	300000	D
2326	8	900000	D
2327	8	400000	D
2328	8	650000	D
2329	8	350000	D
2330	8	1150000	D
2331	8	400000	D
2332	8	900000	D
2333	8	650000	D
2334	8	350000	D
2335	8	500000	D
2336	8	950000	D
2337	8	500000	D
2338	8	600000	D
2339	8	700000	D
2340	8	300000	D
2341	8	700000	D
2342	8	300000	D
2343	8	1450000	D
2344	8	350000	D
2345	8	450000	D
2346	8	300000	D
2347	8	400000	D
2348	8	500000	D
2349	8	750000	D
2350	8	600000	D
2351	8	500000	D
2352	8	400000	D
2353	8	500000	D
2354	8	1250000	D
2355	8	1900000	D
2356	8	400000	D
2357	8	850000	D
2358	8	750000	D
2359	8	750000	D
2360	8	650000	D
2361	8	300000	D
2362	8	300000	D
2363	8	450000	D
2364	8	350000	D
2365	8	350000	D
2366	8	500000	D
2367	8	450000	D
2368	8	500000	D
2369	8	300000	D
2370	8	1500000	D
2371	8	850000	D
2372	8	600000	D
2373	8	350000	D
2374	8	1200000	D
2375	8	350000	D
2376	8	1000000	D
2377	8	950000	D
2378	8	350000	D
2379	8	900000	D
2380	8	400000	D
2381	8	600000	D
2382	8	750000	D
2383	8	300000	D
2384	8	350000	D
2385	8	400000	D
2386	8	450000	D
2387	8	500000	D
2388	8	750000	D
2389	8	700000	D
2390	8	500000	D
2391	8	1350000	D
2392	8	400000	D
2393	8	800000	D
2394	8	350000	D
2395	8	550000	D
2396	8	300000	D
2397	8	650000	D
2398	8	600000	D
2399	8	450000	D
2400	8	1600000	D
2401	8	1350000	D
2402	8	400000	D
2403	8	650000	D
2404	8	1850000	D
2405	9	750000	D
2406	9	500000	D
2407	9	1150000	D
2408	9	400000	D
2409	9	300000	D
2410	9	350000	D
2411	9	600000	D
2412	9	800000	D
2413	9	1050000	D
2414	9	1050000	D
2415	9	500000	D
2416	9	550000	D
2417	9	850000	D
2418	9	600000	D
2419	9	700000	D
2420	9	500000	D
2421	9	350000	D
2422	9	1500000	D
2423	9	450000	D
2424	9	750000	D
2425	9	1050000	D
2426	9	900000	D
2427	9	800000	D
2428	9	650000	D
2429	9	1850000	D
2430	9	600000	D
2431	9	600000	D
2432	9	500000	D
2433	9	300000	D
2434	9	400000	D
2435	9	450000	D
2436	9	550000	D
2437	9	550000	D
2438	9	700000	D
2439	9	1050000	D
2440	9	450000	D
2441	9	1000000	D
2442	9	350000	D
2443	9	350000	D
2444	9	800000	D
2445	9	700000	D
2446	9	500000	D
2447	9	1150000	D
2448	9	650000	D
2449	9	1100000	D
2450	9	1350000	D
2451	9	550000	D
2452	9	350000	D
2453	9	800000	D
2454	9	600000	D
2455	9	350000	D
2456	9	350000	D
2457	9	350000	D
2458	9	500000	D
2459	9	300000	D
2460	9	800000	D
2461	9	350000	D
2462	9	1700000	D
2463	9	650000	D
2464	9	700000	D
2465	9	350000	D
2466	9	900000	D
2467	9	750000	D
2468	9	400000	D
2469	9	400000	D
2470	9	400000	D
2471	9	850000	D
2472	9	450000	D
2473	9	1400000	D
2474	9	1250000	D
2475	10	350000	D
2476	10	400000	D
2477	10	500000	D
2478	10	400000	D
2479	10	400000	D
2480	10	300000	D
2481	10	350000	D
2482	10	950000	D
2483	10	450000	D
2484	10	300000	D
2485	10	400000	D
2486	10	400000	D
2487	10	850000	D
2488	10	450000	D
2489	10	450000	D
2490	10	550000	D
2491	10	900000	D
2492	10	350000	D
2493	10	850000	D
2494	10	600000	D
2495	10	550000	D
2496	10	450000	D
2497	10	400000	D
2498	10	600000	D
2499	10	650000	D
2500	10	550000	D
2501	10	1300000	D
2502	10	750000	D
2503	10	750000	D
2504	10	650000	D
2505	10	600000	D
2506	10	300000	D
2507	10	1000000	D
2508	10	600000	D
2509	10	800000	D
2510	10	350000	D
2511	10	350000	D
2512	10	350000	D
2513	10	1150000	D
2514	10	1500000	D
2515	10	550000	D
2516	10	400000	D
2517	10	350000	D
2518	10	400000	D
2519	10	400000	D
2520	10	650000	D
2521	10	500000	D
2522	10	800000	D
2523	10	450000	D
2524	10	400000	D
2525	10	550000	D
2526	10	1700000	D
2527	10	750000	D
2528	10	800000	D
2529	10	300000	D
2530	10	450000	D
2531	10	400000	D
2532	10	400000	D
2533	10	450000	D
2534	10	450000	D
2535	10	650000	D
2536	10	650000	D
2537	10	850000	D
2538	10	550000	D
2539	10	350000	D
2540	10	700000	D
2541	10	850000	D
2542	10	900000	D
2543	10	450000	D
2544	10	500000	D
2545	10	700000	D
2546	10	700000	D
2547	10	400000	D
2548	10	750000	D
2549	10	800000	D
2550	10	850000	D
2551	10	1550000	D
2552	10	400000	D
2553	10	300000	D
2554	10	600000	D
2555	10	800000	D
2556	10	300000	D
2557	10	300000	D
2558	10	450000	D
2559	10	550000	D
2560	10	450000	D
2561	10	2100000	D
2562	10	500000	D
2563	10	700000	D
2564	10	300000	D
2565	10	450000	D
2566	10	850000	D
2567	11	600000	D
2568	11	1650000	D
2569	11	900000	D
2570	11	900000	D
2571	11	400000	D
2572	11	1500000	D
2573	11	400000	D
2574	11	1000000	D
2575	11	400000	D
2576	11	650000	D
2577	11	500000	D
2578	11	500000	D
2579	11	400000	D
2580	11	500000	D
2581	11	500000	D
2582	11	350000	D
2583	11	650000	D
2584	11	300000	D
2585	11	850000	D
2586	11	400000	D
2587	11	550000	D
2588	11	350000	D
2589	11	950000	D
2590	11	700000	D
2591	11	650000	D
2592	11	300000	D
2593	11	850000	D
2594	11	450000	D
2595	11	350000	D
2596	11	900000	D
2597	11	500000	D
2598	11	300000	D
2599	11	900000	D
2600	11	550000	D
2601	11	1750000	D
2602	11	550000	D
2603	11	1000000	D
2604	11	800000	D
2605	11	450000	D
2606	11	950000	D
2607	11	700000	D
2608	11	400000	D
2609	11	400000	D
2610	11	850000	D
2611	11	2150000	D
2612	11	750000	D
2613	11	750000	D
2614	11	850000	D
2615	11	750000	D
2616	11	900000	D
2617	11	300000	D
2618	11	400000	D
2619	11	300000	D
2620	11	950000	D
2621	11	450000	D
2622	11	850000	D
2623	11	600000	D
2624	11	750000	D
2625	11	650000	D
2626	11	700000	D
2627	11	1000000	D
2628	11	750000	D
2629	11	300000	D
2630	11	350000	D
2631	11	350000	D
2632	11	350000	D
2633	11	500000	D
2634	11	500000	D
2635	11	500000	D
2636	11	400000	D
2637	11	400000	D
2638	11	650000	D
2639	11	300000	D
2640	11	850000	D
2641	11	400000	D
2642	11	950000	D
2643	11	1050000	D
2644	11	650000	D
2645	11	400000	D
2646	11	300000	D
2647	11	300000	D
2648	11	400000	D
2649	11	350000	D
2650	11	450000	D
2651	11	900000	D
2652	11	400000	D
2653	11	500000	D
2654	11	350000	D
2655	11	350000	D
2656	11	400000	D
2657	12	400000	D
2658	12	450000	D
2659	12	800000	D
2660	12	800000	D
2661	12	500000	D
2662	12	500000	D
2663	12	400000	D
2664	12	1000000	D
2665	12	1000000	D
2666	12	1050000	D
2667	12	400000	D
2668	12	400000	D
2669	12	350000	D
2670	12	600000	D
2671	12	350000	D
2672	12	1100000	D
2673	12	450000	D
2674	12	400000	D
2675	12	700000	D
2676	12	550000	D
2677	12	500000	D
2678	12	800000	D
2679	12	800000	D
2680	12	550000	D
2681	12	400000	D
2682	12	800000	D
2683	12	650000	D
2684	12	450000	D
2685	12	550000	D
2686	12	2000000	D
2687	12	500000	D
2688	12	600000	D
2689	12	1450000	D
2690	12	500000	D
2691	12	650000	D
2692	12	1000000	D
2693	12	350000	D
2694	12	450000	D
2695	12	350000	D
2696	12	950000	D
2697	12	550000	D
2698	12	450000	D
2699	12	2350000	D
2700	12	300000	D
2701	12	600000	D
2702	12	550000	D
2703	12	600000	D
2704	12	500000	D
2705	12	400000	D
2706	12	400000	D
2707	12	750000	D
2708	12	350000	D
2709	12	400000	D
2710	12	500000	D
2711	12	450000	D
2712	12	450000	D
2713	12	650000	D
2714	12	450000	D
2715	12	500000	D
2716	12	700000	D
2717	12	500000	D
2718	12	650000	D
2719	12	450000	D
2720	12	550000	D
2721	12	400000	D
2722	12	300000	D
2723	12	300000	D
2724	12	500000	D
2725	12	550000	D
2726	12	1250000	D
2727	12	1000000	D
2728	12	450000	D
2729	12	300000	D
2730	12	600000	D
2731	12	400000	D
2732	12	550000	D
2733	12	700000	D
2734	12	600000	D
2735	12	900000	D
2736	12	400000	D
2737	12	350000	D
2738	12	1100000	D
2739	12	350000	D
2740	12	700000	D
2741	12	650000	D
2742	13	700000	D
2743	13	500000	D
2744	13	600000	D
2745	13	600000	D
2746	13	500000	D
2747	13	850000	D
2748	13	650000	D
2749	13	300000	D
2750	13	500000	D
2751	13	800000	D
2752	13	300000	D
2753	13	450000	D
2754	13	750000	D
2755	13	850000	D
2756	13	950000	D
2757	13	700000	D
2758	13	600000	D
2759	13	300000	D
2760	13	900000	D
2761	13	550000	D
2762	13	550000	D
2763	13	550000	D
2764	13	600000	D
2765	13	300000	D
2766	13	500000	D
2767	13	500000	D
2768	13	600000	D
2769	13	600000	D
2770	13	400000	D
2771	13	450000	D
2772	13	450000	D
2773	13	700000	D
2774	13	1000000	D
2775	13	350000	D
2776	13	1000000	D
2777	13	500000	D
2778	13	1050000	D
2779	13	650000	D
2780	13	850000	D
2781	13	550000	D
2782	13	450000	D
2783	13	400000	D
2784	13	1200000	D
2785	13	450000	D
2786	13	750000	D
2787	13	850000	D
2788	13	500000	D
2789	13	400000	D
2790	13	350000	D
2791	13	1550000	D
2792	13	550000	D
2793	13	750000	D
2794	13	500000	D
2795	13	500000	D
2796	13	500000	D
2797	13	1000000	D
2798	13	300000	D
2799	13	700000	D
2800	13	350000	D
2801	13	700000	D
2802	13	1050000	D
2803	13	1000000	D
2804	13	600000	D
2805	13	350000	D
2806	13	350000	D
2807	13	350000	D
2808	13	650000	D
2809	13	300000	D
2810	13	300000	D
2811	13	300000	D
2812	13	350000	D
2813	13	750000	D
2814	13	450000	D
2815	13	300000	D
2816	13	300000	D
2817	13	450000	D
2818	13	300000	D
2819	13	600000	D
2820	13	1100000	D
2821	13	650000	D
2822	13	550000	D
2823	13	350000	D
2824	13	1050000	D
2825	13	400000	D
2826	13	450000	D
2827	13	400000	D
2828	13	350000	D
2829	13	500000	D
2830	13	450000	D
2831	13	350000	D
2832	13	450000	D
2833	13	1150000	D
2834	13	500000	D
2835	13	850000	D
2836	13	450000	D
2837	1	500000	K
2838	1	1100000	K
2839	1	500000	K
2840	1	1250000	K
2841	1	850000	K
2842	1	650000	K
2843	1	800000	K
2844	1	600000	K
2845	1	700000	K
2846	1	550000	K
2847	1	800000	K
2848	1	750000	K
2849	1	750000	K
2850	1	550000	K
2851	1	450000	K
2852	1	550000	K
2853	1	1200000	K
2854	1	450000	K
2855	1	600000	K
2856	1	400000	K
2857	1	800000	K
2858	1	1300000	K
2859	1	350000	K
2860	1	1350000	K
2861	1	650000	K
2862	1	1200000	K
2863	1	1800000	K
2864	1	450000	K
2865	1	450000	K
2866	1	1150000	K
2867	1	750000	K
2868	1	1150000	K
2869	1	400000	K
2870	1	750000	K
2871	1	400000	K
2872	1	600000	K
2873	1	1500000	K
2874	1	950000	K
2875	1	450000	K
2876	1	500000	K
2877	1	1300000	K
2878	1	650000	K
2879	1	600000	K
2880	1	400000	K
2881	1	500000	K
2882	1	500000	K
2883	1	350000	K
2884	1	1050000	K
2885	1	300000	K
2886	1	500000	K
2887	1	350000	K
2888	1	1800000	K
2889	1	500000	K
2890	1	1950000	K
2891	1	1250000	K
2892	1	700000	K
2893	1	1300000	K
2894	1	550000	K
2895	1	2300000	K
2896	1	350000	K
2897	1	1650000	K
2898	1	1450000	K
2899	1	750000	K
2900	1	750000	K
2901	1	2600000	K
2902	1	350000	K
2903	1	500000	K
2904	1	500000	K
2905	1	400000	K
2906	1	1400000	K
2907	1	300000	K
2908	1	950000	K
2909	1	350000	K
2910	1	450000	K
2911	1	650000	K
2912	1	1300000	K
2913	1	950000	K
2914	1	2850000	K
2915	1	650000	K
2916	1	850000	K
2917	1	1150000	K
2918	1	1550000	K
2919	1	1250000	K
2920	1	800000	K
2921	1	550000	K
2922	1	1550000	K
2923	1	2300000	K
2924	1	750000	K
2925	1	800000	K
2926	1	750000	K
2927	1	550000	K
2928	1	1100000	K
2929	1	850000	K
2930	1	1100000	K
2931	1	300000	K
2932	1	650000	K
2933	1	1050000	K
2934	1	2150000	K
2935	1	850000	K
2936	1	950000	K
2937	1	450000	K
2938	1	950000	K
2939	1	1500000	K
2940	1	500000	K
2941	1	1000000	K
2942	1	350000	K
2943	1	700000	K
2944	1	1150000	K
2945	1	1250000	K
2946	1	2250000	K
2947	1	400000	K
2948	1	500000	K
2949	1	300000	K
2950	1	1150000	K
2951	1	950000	K
2952	1	600000	K
2953	1	1750000	K
2954	1	400000	K
2955	1	650000	K
2956	1	450000	K
2957	1	1950000	K
2958	1	500000	K
2959	1	950000	K
2960	1	1050000	K
2961	1	1250000	K
2962	1	450000	K
2963	1	800000	K
2964	1	450000	K
2965	1	2800000	K
2966	1	1450000	K
2967	1	550000	K
2968	1	600000	K
2969	1	1050000	K
2970	1	700000	K
2971	1	1700000	K
2972	1	1300000	K
2973	1	550000	K
2974	1	500000	K
2975	1	450000	K
2976	1	300000	K
2977	1	2150000	K
2978	1	350000	K
2979	1	700000	K
2980	1	950000	K
2981	1	1300000	K
2982	1	1100000	K
2983	1	850000	K
2984	1	1300000	K
2985	1	700000	K
2986	1	500000	K
2987	1	650000	K
2988	1	550000	K
2989	1	1600000	K
2990	1	1150000	K
2991	1	750000	K
2992	1	300000	K
2993	1	1200000	K
2994	1	700000	K
2995	1	2000000	K
2996	1	1700000	K
2997	1	1300000	K
2998	1	800000	K
2999	1	650000	K
3000	1	800000	K
3001	1	600000	K
3002	1	2100000	K
3003	1	350000	K
3004	1	1050000	K
3005	1	1050000	K
3006	1	1650000	K
3007	1	600000	K
3008	1	1250000	K
3009	1	800000	K
3010	1	850000	K
3011	1	1400000	K
3012	1	450000	K
3013	1	1900000	K
3014	1	950000	K
3015	1	1850000	K
3016	1	300000	K
3017	1	1100000	K
3018	1	750000	K
3019	1	850000	K
3020	1	1400000	K
3021	1	1600000	K
3022	1	600000	K
3023	1	350000	K
3024	1	900000	K
3025	1	550000	K
3026	1	800000	K
3027	1	550000	K
3028	1	600000	K
3029	1	1300000	K
3030	1	950000	K
3031	1	950000	K
3032	1	450000	K
3033	1	750000	K
3034	1	1450000	K
3035	1	1100000	K
3036	1	300000	K
3037	1	600000	K
3038	1	1650000	K
3039	1	1350000	K
3040	1	1200000	K
3041	1	1500000	K
3042	1	1600000	K
3043	1	800000	K
3044	1	700000	K
3045	1	1450000	K
3046	1	1000000	K
3047	1	2050000	K
3048	1	800000	K
3049	1	800000	K
3050	2	1650000	K
3051	2	650000	K
3052	2	500000	K
3053	2	700000	K
3054	2	1000000	K
3055	2	350000	K
3056	2	750000	K
3057	2	750000	K
3058	2	1050000	K
3059	2	650000	K
3060	2	700000	K
3061	2	500000	K
3062	2	900000	K
3063	2	1050000	K
3064	2	600000	K
3065	2	550000	K
3066	2	400000	K
3067	2	850000	K
3068	2	550000	K
3069	2	600000	K
3070	2	500000	K
3071	2	850000	K
3072	2	1000000	K
3073	2	650000	K
3074	2	400000	K
3075	2	600000	K
3076	2	300000	K
3077	2	500000	K
3078	2	400000	K
3079	2	1150000	K
3080	2	450000	K
3081	2	750000	K
3082	2	400000	K
3083	2	450000	K
3084	2	900000	K
3085	2	750000	K
3086	2	350000	K
3087	2	450000	K
3088	2	650000	K
3089	2	2200000	K
3090	2	350000	K
3091	2	650000	K
3092	2	550000	K
3093	2	750000	K
3094	2	1400000	K
3095	2	750000	K
3096	2	1400000	K
3097	2	400000	K
3098	2	300000	K
3099	2	300000	K
3100	2	600000	K
3101	2	350000	K
3102	2	2250000	K
3103	2	350000	K
3104	2	650000	K
3105	2	700000	K
3106	2	600000	K
3107	2	700000	K
3108	2	350000	K
3109	2	2450000	K
3110	2	350000	K
3111	2	400000	K
3112	2	650000	K
3113	2	300000	K
3114	2	900000	K
3115	2	1000000	K
3116	2	900000	K
3117	2	1100000	K
3118	2	2150000	K
3119	2	650000	K
3120	2	450000	K
3121	2	350000	K
3122	2	400000	K
3123	2	700000	K
3124	2	750000	K
3125	2	450000	K
3126	2	450000	K
3127	2	500000	K
3128	2	450000	K
3129	2	1200000	K
3130	2	2250000	K
3131	2	700000	K
3132	2	400000	K
3133	2	300000	K
3134	2	1750000	K
3135	2	700000	K
3136	2	850000	K
3137	2	1350000	K
3138	2	1600000	K
3139	2	650000	K
3140	2	350000	K
3141	2	1500000	K
3142	2	500000	K
3143	2	850000	K
3144	2	2000000	K
3145	2	1100000	K
3146	2	500000	K
3147	2	2200000	K
3148	2	1450000	K
3149	2	650000	K
3150	2	550000	K
3151	2	1100000	K
3152	2	1650000	K
3153	2	650000	K
3154	2	950000	K
3155	2	450000	K
3156	2	1650000	K
3157	2	1300000	K
3158	2	1450000	K
3159	2	1050000	K
3160	2	800000	K
3161	2	1350000	K
3162	2	400000	K
3163	2	900000	K
3164	2	350000	K
3165	2	1050000	K
3166	2	300000	K
3167	2	400000	K
3168	2	400000	K
3169	2	550000	K
3170	2	1750000	K
3171	2	600000	K
3172	2	1200000	K
3173	2	1150000	K
3174	2	1100000	K
3175	2	1250000	K
3176	2	350000	K
3177	2	650000	K
3178	2	1200000	K
3179	2	1600000	K
3180	2	600000	K
3181	2	1700000	K
3182	2	600000	K
3183	2	1200000	K
3184	2	1100000	K
3185	2	1200000	K
3186	2	650000	K
3187	2	1100000	K
3188	2	500000	K
3189	2	1800000	K
3190	2	600000	K
3191	2	350000	K
3192	2	550000	K
3193	2	600000	K
3194	2	300000	K
3195	2	350000	K
3196	2	700000	K
3197	2	800000	K
3198	2	500000	K
3199	2	1150000	K
3200	2	300000	K
3201	2	450000	K
3202	2	550000	K
3203	2	700000	K
3204	2	1000000	K
3205	2	900000	K
3206	2	1300000	K
3207	2	1150000	K
3208	2	850000	K
3209	2	450000	K
3210	2	350000	K
3211	2	900000	K
3212	2	300000	K
3213	2	300000	K
3214	2	400000	K
3215	2	400000	K
3216	2	750000	K
3217	2	750000	K
3218	2	1200000	K
3219	2	900000	K
3220	2	850000	K
3221	2	1400000	K
3222	2	1150000	K
3223	2	1000000	K
3224	2	1100000	K
3225	2	750000	K
3226	2	550000	K
3227	2	1050000	K
3228	2	1650000	K
3229	2	400000	K
3230	2	350000	K
3231	2	700000	K
3232	2	550000	K
3233	2	500000	K
3234	2	450000	K
3235	2	300000	K
3236	2	550000	K
3237	2	400000	K
3238	2	800000	K
3239	2	1000000	K
3240	2	650000	K
3241	2	500000	K
3242	2	1150000	K
3243	2	1700000	K
3244	2	1700000	K
3245	2	500000	K
3246	2	300000	K
3247	2	1050000	K
3248	2	400000	K
3249	2	400000	K
3250	2	400000	K
3251	2	1150000	K
3252	2	450000	K
3253	2	350000	K
3254	2	450000	K
3255	2	450000	K
3256	2	400000	K
3257	2	550000	K
3258	2	950000	K
3259	2	550000	K
3260	2	700000	K
3261	2	650000	K
3262	2	300000	K
3263	2	850000	K
3264	2	450000	K
3265	2	550000	K
3266	2	300000	K
3267	2	350000	K
3268	2	350000	K
3269	2	550000	K
3270	2	550000	K
3271	2	500000	K
3272	2	700000	K
3273	2	1400000	K
3274	2	550000	K
3275	2	2350000	K
3276	2	350000	K
3277	2	700000	K
3278	2	1550000	K
3279	2	1550000	K
3280	2	1250000	K
3281	2	800000	K
3282	2	900000	K
3283	2	500000	K
3284	2	600000	K
3285	2	1200000	K
3286	2	950000	K
3287	2	1000000	K
3288	2	3000000	K
3289	2	400000	K
3290	3	2350000	K
3291	3	650000	K
3292	3	550000	K
3293	3	450000	K
3294	3	900000	K
3295	3	400000	K
3296	3	350000	K
3297	3	300000	K
3298	3	600000	K
3299	3	750000	K
3300	3	1100000	K
3301	3	1100000	K
3302	3	600000	K
3303	3	550000	K
3304	3	700000	K
3305	3	550000	K
3306	3	450000	K
3307	3	800000	K
3308	3	2100000	K
3309	3	300000	K
3310	3	650000	K
3311	3	550000	K
3312	3	300000	K
3313	3	550000	K
3314	3	450000	K
3315	3	300000	K
3316	3	1200000	K
3317	3	2200000	K
3318	3	350000	K
3319	3	300000	K
3320	3	350000	K
3321	3	1050000	K
3322	3	1150000	K
3323	3	800000	K
3324	3	700000	K
3325	3	800000	K
3326	3	1150000	K
3327	3	1350000	K
3328	3	650000	K
3329	3	350000	K
3330	3	450000	K
3331	3	900000	K
3332	3	350000	K
3333	3	400000	K
3334	3	450000	K
3335	3	650000	K
3336	3	1100000	K
3337	3	1250000	K
3338	3	600000	K
3339	3	950000	K
3340	3	500000	K
3341	3	1950000	K
3342	3	750000	K
3343	3	650000	K
3344	3	550000	K
3345	3	450000	K
3346	3	1000000	K
3347	3	450000	K
3348	3	1100000	K
3349	3	850000	K
3350	3	2250000	K
3351	3	1300000	K
3352	3	350000	K
3353	3	300000	K
3354	3	300000	K
3355	3	550000	K
3356	3	900000	K
3357	3	550000	K
3358	3	1400000	K
3359	3	1800000	K
3360	3	1400000	K
3361	3	1300000	K
3362	3	700000	K
3363	3	850000	K
3364	3	1550000	K
3365	3	850000	K
3366	3	300000	K
3367	3	1250000	K
3368	3	500000	K
3369	3	500000	K
3370	3	1050000	K
3371	3	400000	K
3372	3	750000	K
3373	3	300000	K
3374	3	800000	K
3375	3	650000	K
3376	3	700000	K
3377	3	750000	K
3378	3	850000	K
3379	3	400000	K
3380	3	650000	K
3381	3	1650000	K
3382	3	450000	K
3383	3	750000	K
3384	3	550000	K
3385	3	1650000	K
3386	3	1200000	K
3387	3	300000	K
3388	3	450000	K
3389	3	2350000	K
3390	3	1100000	K
3391	3	800000	K
3392	3	750000	K
3393	3	300000	K
3394	3	650000	K
3395	3	750000	K
3396	3	1400000	K
3397	3	1300000	K
3398	3	1500000	K
3399	3	650000	K
3400	3	2250000	K
3401	3	450000	K
3402	3	1350000	K
3403	3	750000	K
3404	3	1100000	K
3405	3	650000	K
3406	3	400000	K
3407	3	1150000	K
3408	3	500000	K
3409	3	700000	K
3410	3	1300000	K
3411	3	300000	K
3412	3	650000	K
3413	3	750000	K
3414	3	1950000	K
3415	3	2050000	K
3416	3	400000	K
3417	3	950000	K
3418	3	1100000	K
3419	3	750000	K
3420	3	1900000	K
3421	3	2100000	K
3422	3	1550000	K
3423	3	350000	K
3424	3	850000	K
3425	3	1800000	K
3426	3	550000	K
3427	3	400000	K
3428	3	1000000	K
3429	3	1050000	K
3430	3	650000	K
3431	3	1200000	K
3432	3	1600000	K
3433	3	1600000	K
3434	3	900000	K
3435	3	1350000	K
3436	3	2400000	K
3437	3	700000	K
3438	3	1550000	K
3439	3	1100000	K
3440	3	650000	K
3441	3	1200000	K
3442	3	1850000	K
3443	3	850000	K
3444	3	1000000	K
3445	3	750000	K
3446	3	300000	K
3447	3	2050000	K
3448	3	550000	K
3449	3	1350000	K
3450	3	800000	K
3451	3	550000	K
3452	3	900000	K
3453	3	1150000	K
3454	3	900000	K
3455	3	2150000	K
3456	3	1550000	K
3457	3	800000	K
3458	3	400000	K
3459	3	1150000	K
3460	3	1700000	K
3461	3	550000	K
3462	3	650000	K
3463	3	750000	K
3464	3	550000	K
3465	3	550000	K
3466	3	700000	K
3467	3	700000	K
3468	3	1400000	K
3469	3	500000	K
3470	3	1800000	K
3471	3	350000	K
3472	3	800000	K
3473	3	350000	K
3474	3	800000	K
3475	3	850000	K
3476	3	650000	K
3477	3	800000	K
3478	3	750000	K
3479	3	1350000	K
3480	3	850000	K
3481	3	350000	K
3482	3	1350000	K
3483	3	300000	K
3484	3	500000	K
3485	3	500000	K
3486	3	450000	K
3487	3	500000	K
3488	3	1050000	K
3489	3	550000	K
3490	3	1200000	K
3491	3	950000	K
3492	3	700000	K
3493	3	1400000	K
3494	3	900000	K
3495	3	500000	K
3496	3	1100000	K
3497	3	650000	K
3498	3	750000	K
3499	3	750000	K
3500	3	1950000	K
3501	3	400000	K
3502	3	1550000	K
3503	4	2600000	K
3504	4	600000	K
3505	4	1050000	K
3506	4	600000	K
3507	4	500000	K
3508	4	600000	K
3509	4	600000	K
3510	4	450000	K
3511	4	800000	K
3512	4	850000	K
3513	4	600000	K
3514	4	950000	K
3515	4	550000	K
3516	4	650000	K
3517	4	1850000	K
3518	4	1350000	K
3519	4	800000	K
3520	4	450000	K
3521	4	1750000	K
3522	4	700000	K
3523	4	600000	K
3524	4	550000	K
3525	4	1250000	K
3526	4	550000	K
3527	4	2400000	K
3528	4	2250000	K
3529	4	400000	K
3530	4	450000	K
3531	4	400000	K
3532	4	850000	K
3533	4	500000	K
3534	4	900000	K
3535	4	700000	K
3536	4	350000	K
3537	4	700000	K
3538	4	400000	K
3539	4	500000	K
3540	4	350000	K
3541	4	400000	K
3542	4	700000	K
3543	4	600000	K
3544	4	1750000	K
3545	4	500000	K
3546	4	1000000	K
3547	4	500000	K
3548	4	850000	K
3549	4	350000	K
3550	4	700000	K
3551	4	650000	K
3552	4	600000	K
3553	4	1250000	K
3554	4	650000	K
3555	4	1800000	K
3556	4	600000	K
3557	4	550000	K
3558	4	2950000	K
3559	4	1300000	K
3560	4	600000	K
3561	4	300000	K
3562	4	450000	K
3563	4	500000	K
3564	4	1150000	K
3565	4	400000	K
3566	4	750000	K
3567	4	1900000	K
3568	4	900000	K
3569	4	1100000	K
3570	4	650000	K
3571	4	600000	K
3572	4	550000	K
3573	4	1600000	K
3574	4	1900000	K
3575	4	600000	K
3576	4	950000	K
3577	4	1450000	K
3578	4	1950000	K
3579	4	550000	K
3580	4	400000	K
3581	4	1400000	K
3582	4	1100000	K
3583	4	1700000	K
3584	4	900000	K
3585	4	500000	K
3586	4	550000	K
3587	4	700000	K
3588	4	700000	K
3589	4	1050000	K
3590	4	1750000	K
3591	4	600000	K
3592	4	950000	K
3593	4	450000	K
3594	4	750000	K
3595	4	850000	K
3596	4	2100000	K
3597	4	750000	K
3598	4	1200000	K
3599	4	750000	K
3600	4	850000	K
3601	4	750000	K
3602	4	300000	K
3603	4	300000	K
3604	4	950000	K
3605	4	750000	K
3606	4	500000	K
3607	4	900000	K
3608	4	1300000	K
3609	4	350000	K
3610	4	450000	K
3611	4	400000	K
3612	4	600000	K
3613	4	900000	K
3614	4	450000	K
3615	4	550000	K
3616	4	1250000	K
3617	4	350000	K
3618	4	350000	K
3619	4	300000	K
3620	4	400000	K
3621	4	1400000	K
3622	4	400000	K
3623	4	1150000	K
3624	4	900000	K
3625	4	650000	K
3626	4	2050000	K
3627	4	400000	K
3628	4	700000	K
3629	4	1250000	K
3630	4	850000	K
3631	4	1000000	K
3632	4	900000	K
3633	4	400000	K
3634	4	950000	K
3635	4	1350000	K
3636	4	600000	K
3637	4	950000	K
3638	4	1900000	K
3639	4	800000	K
3640	4	650000	K
3641	4	700000	K
3642	4	500000	K
3643	4	450000	K
3644	4	350000	K
3645	4	350000	K
3646	4	1100000	K
3647	4	450000	K
3648	4	700000	K
3649	4	450000	K
3650	4	300000	K
3651	4	350000	K
3652	4	1050000	K
3653	4	1750000	K
3654	4	950000	K
3655	4	650000	K
3656	4	1150000	K
3657	4	800000	K
3658	4	1000000	K
3659	4	2250000	K
3660	4	550000	K
3661	4	1850000	K
3662	4	1600000	K
3663	4	1950000	K
3664	4	750000	K
3665	4	1350000	K
3666	4	300000	K
3667	4	700000	K
3668	4	500000	K
3669	4	600000	K
3670	4	1150000	K
3671	4	850000	K
3672	4	1500000	K
3673	4	1100000	K
3674	4	950000	K
3675	4	450000	K
3676	4	1000000	K
3677	4	400000	K
3678	4	1750000	K
3679	4	1300000	K
3680	4	900000	K
3681	4	1150000	K
3682	4	500000	K
3683	4	1100000	K
3684	4	350000	K
3685	4	400000	K
3686	4	400000	K
3687	4	500000	K
3688	4	1600000	K
3689	4	400000	K
3690	4	1000000	K
3691	4	2600000	K
3692	4	650000	K
3693	4	650000	K
3694	4	550000	K
3695	4	850000	K
3696	4	350000	K
3697	4	1400000	K
3698	4	950000	K
3699	4	450000	K
3700	4	700000	K
3701	4	1200000	K
3702	4	1100000	K
3703	4	550000	K
3704	4	850000	K
3705	4	1400000	K
3706	4	1000000	K
3707	4	350000	K
3708	4	350000	K
3709	4	1250000	K
3710	4	950000	K
3711	4	450000	K
3712	4	650000	K
3713	4	750000	K
3714	4	450000	K
3715	4	1750000	K
3716	4	950000	K
3717	4	1050000	K
3718	4	500000	K
3719	4	450000	K
3720	4	850000	K
3721	4	550000	K
3722	4	450000	K
3723	4	350000	K
3724	4	1200000	K
3725	5	1550000	K
3726	5	750000	K
3727	5	1100000	K
3728	5	1000000	K
3729	5	700000	K
3730	5	600000	K
3731	5	900000	K
3732	5	800000	K
3733	5	450000	K
3734	5	700000	K
3735	5	1000000	K
3736	5	500000	K
3737	5	350000	K
3738	5	450000	K
3739	5	1100000	K
3740	5	550000	K
3741	5	450000	K
3742	5	600000	K
3743	5	1250000	K
3744	5	650000	K
3745	5	750000	K
3746	5	850000	K
3747	5	300000	K
3748	5	600000	K
3749	5	300000	K
3750	5	700000	K
3751	5	650000	K
3752	5	1150000	K
3753	5	1100000	K
3754	5	450000	K
3755	5	950000	K
3756	5	650000	K
3757	5	300000	K
3758	5	650000	K
3759	5	400000	K
3760	5	700000	K
3761	5	550000	K
3762	5	1300000	K
3763	5	750000	K
3764	5	1100000	K
3765	5	1250000	K
3766	5	450000	K
3767	5	450000	K
3768	5	1000000	K
3769	5	1350000	K
3770	5	500000	K
3771	5	1000000	K
3772	5	1400000	K
3773	5	1350000	K
3774	5	900000	K
3775	5	800000	K
3776	5	800000	K
3777	5	300000	K
3778	5	1200000	K
3779	5	900000	K
3780	5	850000	K
3781	5	1500000	K
3782	5	1150000	K
3783	5	1650000	K
3784	5	600000	K
3785	5	600000	K
3786	5	450000	K
3787	5	300000	K
3788	5	900000	K
3789	5	300000	K
3790	5	650000	K
3791	5	750000	K
3792	5	750000	K
3793	5	850000	K
3794	5	1050000	K
3795	5	450000	K
3796	5	400000	K
3797	5	450000	K
3798	5	1150000	K
3799	5	650000	K
3800	5	800000	K
3801	5	600000	K
3802	5	600000	K
3803	5	1050000	K
3804	5	1100000	K
3805	5	1200000	K
3806	5	700000	K
3807	5	650000	K
3808	5	900000	K
3809	5	400000	K
3810	5	650000	K
3811	5	700000	K
3812	5	1650000	K
3813	5	700000	K
3814	5	650000	K
3815	5	500000	K
3816	5	550000	K
3817	5	850000	K
3818	5	1350000	K
3819	5	750000	K
3820	5	750000	K
3821	5	800000	K
3822	5	450000	K
3823	5	300000	K
3824	5	350000	K
3825	5	800000	K
3826	5	350000	K
3827	5	800000	K
3828	5	350000	K
3829	5	650000	K
3830	5	1250000	K
3831	5	900000	K
3832	5	450000	K
3833	5	400000	K
3834	5	2200000	K
3835	5	700000	K
3836	5	850000	K
3837	5	2400000	K
3838	5	550000	K
3839	5	800000	K
3840	5	900000	K
3841	5	1100000	K
3842	5	800000	K
3843	5	900000	K
3844	5	500000	K
3845	5	800000	K
3846	5	500000	K
3847	5	2000000	K
3848	5	1250000	K
3849	5	350000	K
3850	5	400000	K
3851	5	1450000	K
3852	5	1900000	K
3853	5	850000	K
3854	5	900000	K
3855	5	550000	K
3856	5	400000	K
3857	5	400000	K
3858	5	300000	K
3859	5	1200000	K
3860	5	700000	K
3861	5	400000	K
3862	5	700000	K
3863	5	400000	K
3864	5	950000	K
3865	5	1050000	K
3866	5	1050000	K
3867	5	700000	K
3868	5	2500000	K
3869	5	300000	K
3870	5	1050000	K
3871	5	800000	K
3872	5	2950000	K
3873	5	1300000	K
3874	5	550000	K
3875	5	350000	K
3876	5	2000000	K
3877	5	600000	K
3878	5	2000000	K
3879	5	1400000	K
3880	5	850000	K
3881	5	1500000	K
3882	5	950000	K
3883	5	1400000	K
3884	5	2150000	K
3885	5	1550000	K
3886	5	350000	K
3887	5	2750000	K
3888	5	1100000	K
3889	5	400000	K
3890	5	350000	K
3891	5	600000	K
3892	5	1250000	K
3893	5	450000	K
3894	5	400000	K
3895	5	500000	K
3896	5	650000	K
3897	5	600000	K
3898	5	550000	K
3899	5	450000	K
3900	5	1200000	K
3901	5	1200000	K
3902	5	750000	K
3903	5	1950000	K
3904	5	600000	K
3905	5	300000	K
3906	5	600000	K
3907	5	550000	K
3908	5	300000	K
3909	5	850000	K
3910	5	650000	K
3911	5	400000	K
3912	5	950000	K
3913	5	550000	K
3914	5	450000	K
3915	5	450000	K
3916	5	450000	K
3917	5	450000	K
3918	5	1200000	K
3919	5	600000	K
3920	5	850000	K
3921	5	850000	K
3922	5	550000	K
3923	5	1150000	K
3924	5	1850000	K
3925	5	1000000	K
3926	5	600000	K
3927	5	750000	K
3928	5	550000	K
3929	5	300000	K
3930	5	1400000	K
3931	5	650000	K
3932	5	600000	K
3933	5	1450000	K
3934	5	400000	K
3935	5	700000	K
3936	5	1450000	K
3937	5	650000	K
3938	5	750000	K
3939	5	350000	K
3940	5	350000	K
3941	5	600000	K
3942	5	450000	K
3943	5	550000	K
3944	5	650000	K
3945	5	600000	K
3946	5	700000	K
3947	5	450000	K
3948	5	500000	K
3949	5	1000000	K
3950	5	500000	K
3951	5	500000	K
3952	5	400000	K
3953	5	550000	K
3954	5	300000	K
3955	5	550000	K
3956	5	1550000	K
3957	5	800000	K
3958	5	1700000	K
3959	5	1450000	K
3960	6	450000	K
3961	6	550000	K
3962	6	400000	K
3963	6	300000	K
3964	6	350000	K
3965	6	750000	K
3966	6	500000	K
3967	6	300000	K
3968	6	300000	K
3969	6	450000	K
3970	6	300000	K
3971	6	500000	K
3972	6	700000	K
3973	6	650000	K
3974	6	950000	K
3975	6	1100000	K
3976	6	300000	K
3977	6	500000	K
3978	6	1100000	K
3979	6	600000	K
3980	6	1400000	K
3981	6	800000	K
3982	6	950000	K
3983	6	2450000	K
3984	6	850000	K
3985	6	400000	K
3986	6	450000	K
3987	6	600000	K
3988	6	800000	K
3989	6	650000	K
3990	6	1450000	K
3991	6	350000	K
3992	6	600000	K
3993	6	550000	K
3994	6	500000	K
3995	6	1100000	K
3996	6	450000	K
3997	6	900000	K
3998	6	500000	K
3999	6	1100000	K
4000	6	800000	K
4001	6	3000000	K
4002	6	1100000	K
4003	6	400000	K
4004	6	1250000	K
4005	6	2050000	K
4006	6	1350000	K
4007	6	700000	K
4008	6	400000	K
4009	6	350000	K
4010	6	1800000	K
4011	6	350000	K
4012	6	1100000	K
4013	6	700000	K
4014	6	1200000	K
4015	6	350000	K
4016	6	400000	K
4017	6	550000	K
4018	6	1150000	K
4019	6	1400000	K
4020	6	650000	K
4021	6	1100000	K
4022	6	750000	K
4023	6	1150000	K
4024	6	1100000	K
4025	6	1000000	K
4026	6	1100000	K
4027	6	300000	K
4028	6	750000	K
4029	6	1050000	K
4030	6	400000	K
4031	6	1300000	K
4032	6	450000	K
4033	6	650000	K
4034	6	350000	K
4035	6	350000	K
4036	6	600000	K
4037	6	550000	K
4038	6	800000	K
4039	6	600000	K
4040	6	550000	K
4041	6	300000	K
4042	6	300000	K
4043	6	2000000	K
4044	6	450000	K
4045	6	850000	K
4046	6	1700000	K
4047	6	1100000	K
4048	6	1000000	K
4049	6	500000	K
4050	6	950000	K
4051	6	700000	K
4052	6	650000	K
4053	6	1000000	K
4054	6	450000	K
4055	6	2500000	K
4056	6	850000	K
4057	6	450000	K
4058	6	450000	K
4059	6	2050000	K
4060	6	500000	K
4061	6	900000	K
4062	6	1250000	K
4063	6	1350000	K
4064	6	1000000	K
4065	6	500000	K
4066	6	350000	K
4067	6	450000	K
4068	6	350000	K
4069	6	350000	K
4070	6	350000	K
4071	6	500000	K
4072	6	750000	K
4073	6	1400000	K
4074	6	500000	K
4075	6	850000	K
4076	6	800000	K
4077	6	1150000	K
4078	6	550000	K
4079	6	1400000	K
4080	6	2400000	K
4081	6	2950000	K
4082	6	950000	K
4083	6	350000	K
4084	6	500000	K
4085	6	1150000	K
4086	6	1150000	K
4087	6	1800000	K
4088	6	650000	K
4089	6	2000000	K
4090	6	450000	K
4091	6	850000	K
4092	6	900000	K
4093	6	2100000	K
4094	6	500000	K
4095	6	1100000	K
4096	6	700000	K
4097	6	600000	K
4098	6	500000	K
4099	6	400000	K
4100	6	350000	K
4101	6	600000	K
4102	6	500000	K
4103	6	950000	K
4104	6	350000	K
4105	6	1400000	K
4106	6	650000	K
4107	6	1150000	K
4108	6	600000	K
4109	6	1450000	K
4110	6	1300000	K
4111	6	600000	K
4112	6	1050000	K
4113	6	400000	K
4114	6	700000	K
4115	6	1100000	K
4116	6	300000	K
4117	6	900000	K
4118	6	750000	K
4119	6	550000	K
4120	6	400000	K
4121	6	800000	K
4122	6	400000	K
4123	6	700000	K
4124	6	950000	K
4125	6	1000000	K
4126	6	800000	K
4127	6	750000	K
4128	6	350000	K
4129	6	1000000	K
4130	6	600000	K
4131	6	1000000	K
4132	6	500000	K
4133	6	600000	K
4134	6	700000	K
4135	6	1550000	K
4136	6	1300000	K
4137	6	450000	K
4138	6	500000	K
4139	6	650000	K
4140	6	500000	K
4141	6	600000	K
4142	6	750000	K
4143	6	300000	K
4144	6	800000	K
4145	6	600000	K
4146	6	350000	K
4147	6	1100000	K
4148	6	900000	K
4149	6	1050000	K
4150	6	300000	K
4151	6	1000000	K
4152	6	850000	K
4153	6	300000	K
4154	6	300000	K
4155	6	750000	K
4156	6	450000	K
4157	6	600000	K
4158	6	450000	K
4159	6	300000	K
4160	6	1150000	K
4161	6	350000	K
4162	6	1050000	K
4163	6	750000	K
4164	6	300000	K
4165	6	300000	K
4166	6	550000	K
4167	6	350000	K
4168	6	1500000	K
4169	6	450000	K
4170	6	550000	K
4171	6	1750000	K
4172	6	950000	K
4173	6	1500000	K
4174	6	1850000	K
4175	6	1050000	K
4176	6	450000	K
4177	6	850000	K
4178	6	2600000	K
4179	6	600000	K
4180	7	800000	K
4181	7	1500000	K
4182	7	1150000	K
4183	7	550000	K
4184	7	850000	K
4185	7	450000	K
4186	7	650000	K
4187	7	750000	K
4188	7	950000	K
4189	7	400000	K
4190	7	450000	K
4191	7	1250000	K
4192	7	1800000	K
4193	7	1150000	K
4194	7	750000	K
4195	7	1000000	K
4196	7	1200000	K
4197	7	750000	K
4198	7	350000	K
4199	7	500000	K
4200	7	350000	K
4201	7	850000	K
4202	7	350000	K
4203	7	550000	K
4204	7	900000	K
4205	7	550000	K
4206	7	900000	K
4207	7	450000	K
4208	7	300000	K
4209	7	800000	K
4210	7	1000000	K
4211	7	400000	K
4212	7	800000	K
4213	7	1000000	K
4214	7	550000	K
4215	7	1450000	K
4216	7	400000	K
4217	7	550000	K
4218	7	750000	K
4219	7	1450000	K
4220	7	400000	K
4221	7	1300000	K
4222	7	850000	K
4223	7	1000000	K
4224	7	1650000	K
4225	7	550000	K
4226	7	1150000	K
4227	7	600000	K
4228	7	850000	K
4229	7	2350000	K
4230	7	1100000	K
4231	7	1550000	K
4232	7	900000	K
4233	7	2350000	K
4234	7	1500000	K
4235	7	800000	K
4236	7	3000000	K
4237	7	400000	K
4238	7	2100000	K
4239	7	1150000	K
4240	7	1250000	K
4241	7	850000	K
4242	7	850000	K
4243	7	2100000	K
4244	7	350000	K
4245	7	400000	K
4246	7	550000	K
4247	7	700000	K
4248	7	750000	K
4249	7	500000	K
4250	7	400000	K
4251	7	1150000	K
4252	7	500000	K
4253	7	1650000	K
4254	7	650000	K
4255	7	1500000	K
4256	7	300000	K
4257	7	350000	K
4258	7	1450000	K
4259	7	400000	K
4260	7	600000	K
4261	7	1450000	K
4262	7	450000	K
4263	7	300000	K
4264	7	950000	K
4265	7	550000	K
4266	7	450000	K
4267	7	950000	K
4268	7	500000	K
4269	7	1000000	K
4270	7	600000	K
4271	7	1600000	K
4272	7	650000	K
4273	7	950000	K
4274	7	1450000	K
4275	7	500000	K
4276	7	500000	K
4277	7	800000	K
4278	7	900000	K
4279	7	350000	K
4280	7	1250000	K
4281	7	1550000	K
4282	7	450000	K
4283	7	2650000	K
4284	7	400000	K
4285	7	450000	K
4286	7	600000	K
4287	7	500000	K
4288	7	1400000	K
4289	7	350000	K
4290	7	800000	K
4291	7	1000000	K
4292	7	1600000	K
4293	7	400000	K
4294	7	500000	K
4295	7	1500000	K
4296	7	650000	K
4297	7	450000	K
4298	7	500000	K
4299	7	400000	K
4300	7	350000	K
4301	7	800000	K
4302	7	1100000	K
4303	7	650000	K
4304	7	1500000	K
4305	7	450000	K
4306	7	300000	K
4307	7	650000	K
4308	7	600000	K
4309	7	850000	K
4310	7	450000	K
4311	7	2150000	K
4312	7	1200000	K
4313	7	900000	K
4314	7	350000	K
4315	7	350000	K
4316	7	1450000	K
4317	7	950000	K
4318	7	400000	K
4319	7	2000000	K
4320	7	700000	K
4321	7	1500000	K
4322	7	750000	K
4323	7	500000	K
4324	7	300000	K
4325	7	500000	K
4326	7	500000	K
4327	7	1200000	K
4328	7	700000	K
4329	7	1000000	K
4330	7	400000	K
4331	7	1250000	K
4332	7	400000	K
4333	7	850000	K
4334	7	1600000	K
4335	7	700000	K
4336	7	600000	K
4337	7	800000	K
4338	7	300000	K
4339	7	650000	K
4340	7	600000	K
4341	7	1500000	K
4342	7	1350000	K
4343	7	350000	K
4344	7	400000	K
4345	7	400000	K
4346	7	500000	K
4347	7	450000	K
4348	7	750000	K
4349	7	300000	K
4350	7	700000	K
4351	7	900000	K
4352	7	500000	K
4353	7	750000	K
4354	7	750000	K
4355	7	300000	K
4356	7	700000	K
4357	7	750000	K
4358	7	1300000	K
4359	7	1100000	K
4360	7	300000	K
4361	7	300000	K
4362	7	300000	K
4363	7	2050000	K
4364	7	550000	K
4365	7	1150000	K
4366	7	800000	K
4367	7	700000	K
4368	7	900000	K
4369	7	1250000	K
4370	7	600000	K
4371	7	400000	K
4372	7	1250000	K
4373	7	600000	K
4374	7	750000	K
4375	7	1600000	K
4376	7	1250000	K
4377	8	600000	K
4378	8	900000	K
4379	8	750000	K
4380	8	600000	K
4381	8	600000	K
4382	8	700000	K
4383	8	800000	K
4384	8	650000	K
4385	8	550000	K
4386	8	1450000	K
4387	8	450000	K
4388	8	350000	K
4389	8	1950000	K
4390	8	650000	K
4391	8	400000	K
4392	8	900000	K
4393	8	900000	K
4394	8	700000	K
4395	8	450000	K
4396	8	800000	K
4397	8	300000	K
4398	8	1550000	K
4399	8	1050000	K
4400	8	500000	K
4401	8	400000	K
4402	8	600000	K
4403	8	400000	K
4404	8	950000	K
4405	8	500000	K
4406	8	350000	K
4407	8	1000000	K
4408	8	600000	K
4409	8	450000	K
4410	8	950000	K
4411	8	450000	K
4412	8	700000	K
4413	8	450000	K
4414	8	550000	K
4415	8	350000	K
4416	8	1450000	K
4417	8	450000	K
4418	8	900000	K
4419	8	950000	K
4420	8	750000	K
4421	8	350000	K
4422	8	450000	K
4423	8	650000	K
4424	8	350000	K
4425	8	550000	K
4426	8	500000	K
4427	8	950000	K
4428	8	750000	K
4429	8	2000000	K
4430	8	500000	K
4431	8	1550000	K
4432	8	700000	K
4433	8	350000	K
4434	8	500000	K
4435	8	1050000	K
4436	8	900000	K
4437	8	1000000	K
4438	8	2250000	K
4439	8	850000	K
4440	8	650000	K
4441	8	350000	K
4442	8	700000	K
4443	8	300000	K
4444	8	1100000	K
4445	8	350000	K
4446	8	500000	K
4447	8	1000000	K
4448	8	550000	K
4449	8	350000	K
4450	8	1250000	K
4451	8	950000	K
4452	8	1650000	K
4453	8	2250000	K
4454	8	750000	K
4455	8	900000	K
4456	8	1250000	K
4457	8	700000	K
4458	8	450000	K
4459	8	1350000	K
4460	8	750000	K
4461	8	850000	K
4462	8	1050000	K
4463	8	2750000	K
4464	8	850000	K
4465	8	1000000	K
4466	8	2350000	K
4467	8	1200000	K
4468	8	850000	K
4469	8	1200000	K
4470	8	300000	K
4471	8	1050000	K
4472	8	2100000	K
4473	8	600000	K
4474	8	450000	K
4475	8	1000000	K
4476	8	2250000	K
4477	8	550000	K
4478	8	700000	K
4479	8	350000	K
4480	8	500000	K
4481	8	650000	K
4482	8	900000	K
4483	8	1400000	K
4484	8	600000	K
4485	8	2600000	K
4486	8	650000	K
4487	8	350000	K
4488	8	850000	K
4489	8	400000	K
4490	8	900000	K
4491	8	550000	K
4492	8	1950000	K
4493	8	1250000	K
4494	8	800000	K
4495	8	1350000	K
4496	8	550000	K
4497	8	650000	K
4498	8	1300000	K
4499	8	700000	K
4500	8	1050000	K
4501	8	900000	K
4502	8	1200000	K
4503	8	450000	K
4504	8	1650000	K
4505	8	700000	K
4506	8	600000	K
4507	8	700000	K
4508	8	700000	K
4509	8	1100000	K
4510	8	1850000	K
4511	8	350000	K
4512	8	400000	K
4513	8	450000	K
4514	8	750000	K
4515	8	1950000	K
4516	8	650000	K
4517	8	300000	K
4518	8	550000	K
4519	8	700000	K
4520	8	600000	K
4521	8	300000	K
4522	8	450000	K
4523	8	750000	K
4524	8	1750000	K
4525	8	1750000	K
4526	8	400000	K
4527	8	1750000	K
4528	8	750000	K
4529	8	350000	K
4530	8	300000	K
4531	8	700000	K
4532	8	550000	K
4533	8	1200000	K
4534	8	1100000	K
4535	8	950000	K
4536	8	450000	K
4537	8	950000	K
4538	8	350000	K
4539	8	700000	K
4540	8	900000	K
4541	8	1300000	K
4542	8	400000	K
4543	8	300000	K
4544	8	2750000	K
4545	8	1250000	K
4546	8	850000	K
4547	8	550000	K
4548	8	950000	K
4549	8	350000	K
4550	8	600000	K
4551	8	450000	K
4552	8	1450000	K
4553	8	650000	K
4554	8	450000	K
4555	8	900000	K
4556	8	450000	K
4557	8	550000	K
4558	8	300000	K
4559	8	800000	K
4560	8	850000	K
4561	8	500000	K
4562	8	700000	K
4563	8	400000	K
4564	8	400000	K
4565	8	650000	K
4566	8	2550000	K
4567	9	650000	K
4568	9	1000000	K
4569	9	800000	K
4570	9	800000	K
4571	9	2400000	K
4572	9	1100000	K
4573	9	400000	K
4574	9	300000	K
4575	9	400000	K
4576	9	400000	K
4577	9	750000	K
4578	9	1100000	K
4579	9	350000	K
4580	9	350000	K
4581	9	900000	K
4582	9	950000	K
4583	9	800000	K
4584	9	2600000	K
4585	9	650000	K
4586	9	750000	K
4587	9	350000	K
4588	9	800000	K
4589	9	850000	K
4590	9	750000	K
4591	9	500000	K
4592	9	600000	K
4593	9	1450000	K
4594	9	1050000	K
4595	9	350000	K
4596	9	500000	K
4597	9	500000	K
4598	9	1750000	K
4599	9	700000	K
4600	9	700000	K
4601	9	950000	K
4602	9	850000	K
4603	9	1950000	K
4604	9	900000	K
4605	9	2150000	K
4606	9	700000	K
4607	9	1100000	K
4608	9	1900000	K
4609	9	1800000	K
4610	9	950000	K
4611	9	1600000	K
4612	9	1050000	K
4613	9	350000	K
4614	9	800000	K
4615	9	650000	K
4616	9	550000	K
4617	9	1450000	K
4618	9	550000	K
4619	9	850000	K
4620	9	400000	K
4621	9	400000	K
4622	9	550000	K
4623	9	650000	K
4624	9	1400000	K
4625	9	1000000	K
4626	9	400000	K
4627	9	800000	K
4628	9	650000	K
4629	9	800000	K
4630	9	500000	K
4631	9	2400000	K
4632	9	300000	K
4633	9	350000	K
4634	9	600000	K
4635	9	1600000	K
4636	9	1050000	K
4637	9	550000	K
4638	9	550000	K
4639	9	1850000	K
4640	9	600000	K
4641	9	900000	K
4642	9	2000000	K
4643	9	650000	K
4644	9	1200000	K
4645	9	1050000	K
4646	9	400000	K
4647	9	750000	K
4648	9	1650000	K
4649	9	400000	K
4650	9	750000	K
4651	9	1150000	K
4652	9	800000	K
4653	9	650000	K
4654	9	300000	K
4655	9	950000	K
4656	9	300000	K
4657	9	1100000	K
4658	9	2800000	K
4659	9	350000	K
4660	9	900000	K
4661	9	600000	K
4662	9	950000	K
4663	9	500000	K
4664	9	800000	K
4665	9	650000	K
4666	9	500000	K
4667	9	400000	K
4668	9	1000000	K
4669	9	650000	K
4670	9	700000	K
4671	9	500000	K
4672	9	800000	K
4673	9	1400000	K
4674	9	2650000	K
4675	9	1050000	K
4676	9	300000	K
4677	9	850000	K
4678	9	1250000	K
4679	9	1200000	K
4680	9	1750000	K
4681	9	450000	K
4682	9	450000	K
4683	9	1000000	K
4684	9	450000	K
4685	9	500000	K
4686	9	500000	K
4687	9	700000	K
4688	9	3000000	K
4689	9	800000	K
4690	9	1200000	K
4691	9	1400000	K
4692	9	750000	K
4693	9	700000	K
4694	9	300000	K
4695	9	400000	K
4696	9	700000	K
4697	9	550000	K
4698	9	450000	K
4699	9	700000	K
4700	9	800000	K
4701	9	650000	K
4702	9	900000	K
4703	9	1100000	K
4704	9	950000	K
4705	9	400000	K
4706	9	450000	K
4707	9	550000	K
4708	9	1600000	K
4709	9	350000	K
4710	9	500000	K
4711	9	1050000	K
4712	9	1900000	K
4713	9	700000	K
4714	9	600000	K
4715	9	1550000	K
4716	9	550000	K
4717	9	1250000	K
4718	9	450000	K
4719	9	450000	K
4720	9	550000	K
4721	9	600000	K
4722	9	700000	K
4723	9	350000	K
4724	9	1200000	K
4725	9	550000	K
4726	9	1300000	K
4727	9	1400000	K
4728	9	600000	K
4729	9	550000	K
4730	9	400000	K
4731	9	350000	K
4732	9	1100000	K
4733	9	300000	K
4734	9	1200000	K
4735	9	650000	K
4736	9	500000	K
4737	9	900000	K
4738	9	650000	K
4739	9	900000	K
4740	9	900000	K
4741	9	550000	K
4742	9	400000	K
4743	9	1850000	K
4744	9	300000	K
4745	9	500000	K
4746	9	500000	K
4747	9	600000	K
4748	9	800000	K
4749	9	350000	K
4750	9	700000	K
4751	9	1450000	K
4752	9	950000	K
4753	9	950000	K
4754	9	450000	K
4755	9	550000	K
4756	9	1050000	K
4757	9	900000	K
4758	9	600000	K
4759	9	900000	K
4760	9	2100000	K
4761	9	450000	K
4762	9	450000	K
4763	9	400000	K
4764	9	800000	K
4765	9	800000	K
4766	9	300000	K
4767	9	1200000	K
4768	10	2100000	K
4769	10	1150000	K
4770	10	750000	K
4771	10	850000	K
4772	10	2300000	K
4773	10	350000	K
4774	10	350000	K
4775	10	550000	K
4776	10	1600000	K
4777	10	1100000	K
4778	10	450000	K
4779	10	800000	K
4780	10	800000	K
4781	10	750000	K
4782	10	300000	K
4783	10	700000	K
4784	10	1300000	K
4785	10	750000	K
4786	10	350000	K
4787	10	450000	K
4788	10	1150000	K
4789	10	550000	K
4790	10	650000	K
4791	10	1300000	K
4792	10	300000	K
4793	10	1250000	K
4794	10	1000000	K
4795	10	1050000	K
4796	10	950000	K
4797	10	350000	K
4798	10	450000	K
4799	10	950000	K
4800	10	1350000	K
4801	10	550000	K
4802	10	300000	K
4803	10	400000	K
4804	10	500000	K
4805	10	450000	K
4806	10	2150000	K
4807	10	900000	K
4808	10	500000	K
4809	10	600000	K
4810	10	1050000	K
4811	10	450000	K
4812	10	300000	K
4813	10	600000	K
4814	10	850000	K
4815	10	850000	K
4816	10	300000	K
4817	10	600000	K
4818	10	500000	K
4819	10	400000	K
4820	10	400000	K
4821	10	2100000	K
4822	10	2500000	K
4823	10	500000	K
4824	10	1000000	K
4825	10	350000	K
4826	10	500000	K
4827	10	400000	K
4828	10	2450000	K
4829	10	350000	K
4830	10	800000	K
4831	10	500000	K
4832	10	450000	K
4833	10	1500000	K
4834	10	950000	K
4835	10	1350000	K
4836	10	450000	K
4837	10	550000	K
4838	10	1950000	K
4839	10	850000	K
4840	10	350000	K
4841	10	1400000	K
4842	10	700000	K
4843	10	1150000	K
4844	10	2650000	K
4845	10	350000	K
4846	10	350000	K
4847	10	700000	K
4848	10	500000	K
4849	10	1000000	K
4850	10	300000	K
4851	10	2100000	K
4852	10	1300000	K
4853	10	550000	K
4854	10	450000	K
4855	10	800000	K
4856	10	1050000	K
4857	10	700000	K
4858	10	1850000	K
4859	10	300000	K
4860	10	400000	K
4861	10	1050000	K
4862	10	500000	K
4863	10	950000	K
4864	10	300000	K
4865	10	2000000	K
4866	10	1750000	K
4867	10	350000	K
4868	10	350000	K
4869	10	1500000	K
4870	10	500000	K
4871	10	1200000	K
4872	10	500000	K
4873	10	450000	K
4874	10	400000	K
4875	10	650000	K
4876	10	1700000	K
4877	10	2200000	K
4878	10	700000	K
4879	10	400000	K
4880	10	1900000	K
4881	10	650000	K
4882	10	1150000	K
4883	10	700000	K
4884	10	450000	K
4885	10	1200000	K
4886	10	2850000	K
4887	10	400000	K
4888	10	450000	K
4889	10	2350000	K
4890	10	400000	K
4891	10	500000	K
4892	10	2000000	K
4893	10	300000	K
4894	10	750000	K
4895	10	1850000	K
4896	10	800000	K
4897	10	2450000	K
4898	10	850000	K
4899	10	850000	K
4900	10	1050000	K
4901	10	950000	K
4902	10	1650000	K
4903	10	900000	K
4904	10	600000	K
4905	10	2150000	K
4906	10	500000	K
4907	10	300000	K
4908	10	450000	K
4909	10	550000	K
4910	10	350000	K
4911	10	550000	K
4912	10	600000	K
4913	10	550000	K
4914	10	1500000	K
4915	10	1150000	K
4916	10	700000	K
4917	10	350000	K
4918	10	500000	K
4919	10	850000	K
4920	10	1000000	K
4921	10	350000	K
4922	10	1200000	K
4923	10	400000	K
4924	10	500000	K
4925	10	2000000	K
4926	10	1250000	K
4927	10	700000	K
4928	10	700000	K
4929	10	400000	K
4930	10	350000	K
4931	10	450000	K
4932	10	550000	K
4933	10	1250000	K
4934	10	950000	K
4935	10	1250000	K
4936	10	700000	K
4937	10	1400000	K
4938	10	850000	K
4939	10	450000	K
4940	11	2700000	K
4941	11	450000	K
4942	11	600000	K
4943	11	550000	K
4944	11	550000	K
4945	11	450000	K
4946	11	600000	K
4947	11	350000	K
4948	11	500000	K
4949	11	300000	K
4950	11	850000	K
4951	11	700000	K
4952	11	450000	K
4953	11	450000	K
4954	11	1500000	K
4955	11	450000	K
4956	11	1500000	K
4957	11	600000	K
4958	11	750000	K
4959	11	550000	K
4960	11	350000	K
4961	11	1150000	K
4962	11	450000	K
4963	11	550000	K
4964	11	650000	K
4965	11	850000	K
4966	11	550000	K
4967	11	1700000	K
4968	11	1000000	K
4969	11	300000	K
4970	11	700000	K
4971	11	700000	K
4972	11	400000	K
4973	11	2500000	K
4974	11	1400000	K
4975	11	700000	K
4976	11	2150000	K
4977	11	1150000	K
4978	11	300000	K
4979	11	1000000	K
4980	11	950000	K
4981	11	400000	K
4982	11	1700000	K
4983	11	550000	K
4984	11	650000	K
4985	11	400000	K
4986	11	650000	K
4987	11	400000	K
4988	11	700000	K
4989	11	450000	K
4990	11	1950000	K
4991	11	1400000	K
4992	11	1200000	K
4993	11	850000	K
4994	11	1400000	K
4995	11	1150000	K
4996	11	900000	K
4997	11	400000	K
4998	11	900000	K
4999	11	1900000	K
5000	11	600000	K
5001	11	550000	K
5002	11	1050000	K
5003	11	550000	K
5004	11	450000	K
5005	11	1500000	K
5006	11	1700000	K
5007	11	900000	K
5008	11	1900000	K
5009	11	600000	K
5010	11	1450000	K
5011	11	650000	K
5012	11	950000	K
5013	11	1550000	K
5014	11	500000	K
5015	11	900000	K
5016	11	1850000	K
5017	11	500000	K
5018	11	500000	K
5019	11	1050000	K
5020	11	450000	K
5021	11	350000	K
5022	11	1350000	K
5023	11	550000	K
5024	11	850000	K
5025	11	650000	K
5026	11	450000	K
5027	11	600000	K
5028	11	1300000	K
5029	11	600000	K
5030	11	1400000	K
5031	11	2550000	K
5032	11	700000	K
5033	11	900000	K
5034	11	900000	K
5035	11	750000	K
5036	11	1050000	K
5037	11	1300000	K
5038	11	1700000	K
5039	11	1100000	K
5040	11	2350000	K
5041	11	1850000	K
5042	11	900000	K
5043	11	2850000	K
5044	11	300000	K
5045	11	1150000	K
5046	11	1600000	K
5047	11	500000	K
5048	11	600000	K
5049	11	350000	K
5050	11	600000	K
5051	11	750000	K
5052	11	550000	K
5053	11	1200000	K
5054	11	500000	K
5055	11	300000	K
5056	11	500000	K
5057	11	1000000	K
5058	11	550000	K
5059	11	300000	K
5060	11	650000	K
5061	11	850000	K
5062	11	700000	K
5063	11	550000	K
5064	11	300000	K
5065	11	550000	K
5066	11	900000	K
5067	11	1050000	K
5068	11	1150000	K
5069	11	1000000	K
5070	11	350000	K
5071	11	600000	K
5072	11	2700000	K
5073	11	750000	K
5074	11	450000	K
5075	11	650000	K
5076	11	450000	K
5077	11	450000	K
5078	11	700000	K
5079	11	1400000	K
5080	11	650000	K
5081	11	550000	K
5082	11	550000	K
5083	11	600000	K
5084	11	700000	K
5085	11	1700000	K
5086	11	1100000	K
5087	11	1100000	K
5088	11	1000000	K
5089	11	850000	K
5090	11	550000	K
5091	11	2050000	K
5092	12	350000	K
5093	12	1200000	K
5094	12	600000	K
5095	12	450000	K
5096	12	650000	K
5097	12	1200000	K
5098	12	1050000	K
5099	12	1050000	K
5100	12	600000	K
5101	12	550000	K
5102	12	400000	K
5103	12	750000	K
5104	12	400000	K
5105	12	1250000	K
5106	12	700000	K
5107	12	450000	K
5108	12	450000	K
5109	12	900000	K
5110	12	500000	K
5111	12	350000	K
5112	12	2700000	K
5113	12	750000	K
5114	12	950000	K
5115	12	850000	K
5116	12	500000	K
5117	12	950000	K
5118	12	1400000	K
5119	12	900000	K
5120	12	500000	K
5121	12	850000	K
5122	12	600000	K
5123	12	1200000	K
5124	12	600000	K
5125	12	300000	K
5126	12	2400000	K
5127	12	600000	K
5128	12	400000	K
5129	12	600000	K
5130	12	650000	K
5131	12	1250000	K
5132	12	450000	K
5133	12	600000	K
5134	12	800000	K
5135	12	750000	K
5136	12	1300000	K
5137	12	2650000	K
5138	12	700000	K
5139	12	750000	K
5140	12	2100000	K
5141	12	700000	K
5142	12	1250000	K
5143	12	1750000	K
5144	12	1100000	K
5145	12	2150000	K
5146	12	2800000	K
5147	12	450000	K
5148	12	1050000	K
5149	12	650000	K
5150	12	1200000	K
5151	12	1500000	K
5152	12	1100000	K
5153	12	500000	K
5154	12	1850000	K
5155	12	1500000	K
5156	12	450000	K
5157	12	650000	K
5158	12	350000	K
5159	12	600000	K
5160	12	950000	K
5161	12	1950000	K
5162	12	450000	K
5163	12	700000	K
5164	12	400000	K
5165	12	400000	K
5166	12	500000	K
5167	12	950000	K
5168	12	1200000	K
5169	12	1050000	K
5170	12	1700000	K
5171	12	900000	K
5172	12	550000	K
5173	12	1050000	K
5174	12	400000	K
5175	12	1050000	K
5176	12	1800000	K
5177	12	1250000	K
5178	12	700000	K
5179	12	600000	K
5180	12	700000	K
5181	12	500000	K
5182	12	1150000	K
5183	12	700000	K
5184	12	450000	K
5185	12	900000	K
5186	12	300000	K
5187	12	400000	K
5188	12	900000	K
5189	12	1100000	K
5190	12	450000	K
5191	12	1000000	K
5192	12	550000	K
5193	12	450000	K
5194	12	700000	K
5195	12	350000	K
5196	12	950000	K
5197	12	1400000	K
5198	12	500000	K
5199	12	450000	K
5200	12	350000	K
5201	12	1650000	K
5202	12	950000	K
5203	12	1050000	K
5204	12	950000	K
5205	12	550000	K
5206	12	1600000	K
5207	12	500000	K
5208	12	800000	K
5209	12	700000	K
5210	12	1250000	K
5211	12	350000	K
5212	12	650000	K
5213	12	1000000	K
5214	12	900000	K
5215	12	850000	K
5216	12	600000	K
5217	12	300000	K
5218	12	1700000	K
5219	12	350000	K
5220	12	350000	K
5221	12	700000	K
5222	12	1050000	K
5223	12	1850000	K
5224	12	1000000	K
5225	12	750000	K
5226	12	350000	K
5227	12	350000	K
5228	12	350000	K
5229	12	500000	K
5230	12	1250000	K
5231	12	550000	K
5232	12	950000	K
5233	12	300000	K
5234	12	350000	K
5235	12	850000	K
5236	12	1200000	K
5237	12	950000	K
5238	13	1000000	K
5239	13	650000	K
5240	13	1300000	K
5241	13	400000	K
5242	13	800000	K
5243	13	750000	K
5244	13	400000	K
5245	13	400000	K
5246	13	800000	K
5247	13	450000	K
5248	13	850000	K
5249	13	1700000	K
5250	13	1250000	K
5251	13	600000	K
5252	13	400000	K
5253	13	500000	K
5254	13	1300000	K
5255	13	850000	K
5256	13	400000	K
5257	13	850000	K
5258	13	800000	K
5259	13	750000	K
5260	13	350000	K
5261	13	750000	K
5262	13	1850000	K
5263	13	400000	K
5264	13	900000	K
5265	13	450000	K
5266	13	1100000	K
5267	13	1800000	K
5268	13	1950000	K
5269	13	1000000	K
5270	13	1000000	K
5271	13	300000	K
5272	13	600000	K
5273	13	1200000	K
5274	13	600000	K
5275	13	800000	K
5276	13	450000	K
5277	13	600000	K
5278	13	650000	K
5279	13	1650000	K
5280	13	800000	K
5281	13	600000	K
5282	13	300000	K
5283	13	800000	K
5284	13	550000	K
5285	13	600000	K
5286	13	800000	K
5287	13	300000	K
5288	13	850000	K
5289	13	2200000	K
5290	13	350000	K
5291	13	900000	K
5292	13	350000	K
5293	13	950000	K
5294	13	1000000	K
5295	13	1150000	K
5296	13	950000	K
5297	13	1400000	K
5298	13	850000	K
5299	13	350000	K
5300	13	1000000	K
5301	13	650000	K
5302	13	600000	K
5303	13	1200000	K
5304	13	500000	K
5305	13	2000000	K
5306	13	700000	K
5307	13	1150000	K
5308	13	350000	K
5309	13	400000	K
5310	13	1150000	K
5311	13	500000	K
5312	13	400000	K
5313	13	850000	K
5314	13	600000	K
5315	13	500000	K
5316	13	1000000	K
5317	13	750000	K
5318	13	1600000	K
5319	13	500000	K
5320	13	400000	K
5321	13	750000	K
5322	13	700000	K
5323	13	800000	K
5324	13	2050000	K
5325	13	750000	K
5326	13	500000	K
5327	13	350000	K
5328	13	500000	K
5329	13	1150000	K
5330	13	400000	K
5331	13	500000	K
5332	13	500000	K
5333	13	800000	K
5334	13	500000	K
5335	13	450000	K
5336	13	1200000	K
5337	13	450000	K
5338	13	650000	K
5339	13	600000	K
5340	13	950000	K
5341	13	1700000	K
5342	13	1150000	K
5343	13	700000	K
5344	13	1400000	K
5345	13	1650000	K
5346	13	650000	K
5347	13	1000000	K
5348	13	500000	K
5349	13	650000	K
5350	13	350000	K
5351	13	550000	K
5352	13	1400000	K
5353	13	550000	K
5354	13	1150000	K
5355	13	600000	K
5356	13	300000	K
5357	13	550000	K
5358	13	800000	K
5359	13	300000	K
5360	13	1050000	K
5361	13	950000	K
5362	13	500000	K
5363	13	350000	K
5364	13	400000	K
5365	13	550000	K
5366	13	1150000	K
5367	13	1050000	K
5368	13	450000	K
5369	13	800000	K
5370	13	650000	K
5371	13	500000	K
5372	13	500000	K
5373	13	750000	K
5374	13	500000	K
5375	13	450000	K
5376	13	600000	K
5377	13	1750000	K
